 43.00  10.00 -46.00
 36.00  10.00 -46.00
 28.00  10.00 -46.00
-28.00  10.00 -46.00
-36.00  10.00 -46.00
-43.00  10.00 -46.00
 50.00   3.00 -46.00
 43.00   3.00 -46.00
 36.00   3.00 -46.00
 28.00   3.00 -46.00
 21.00   3.00 -46.00
 14.00   3.00 -46.00
-14.00   3.00 -46.00
-21.00   3.00 -46.00
-28.00   3.00 -46.00
-36.00   3.00 -46.00
-43.00   3.00 -46.00
-50.00   3.00 -46.00
 50.00  -4.00 -46.00
 43.00  -4.00 -46.00
 36.00  -4.00 -46.00
 28.00  -4.00 -46.00
 21.00  -4.00 -46.00
  7.00  -4.00 -46.00
  0.00  -4.00 -46.00
 -7.00  -4.00 -46.00
-21.00  -4.00 -46.00
-28.00  -4.00 -46.00
-36.00  -4.00 -46.00
-43.00  -4.00 -46.00
-50.00  -4.00 -46.00
 50.00 -11.00 -46.00
 43.00 -11.00 -46.00
 36.00 -11.00 -46.00
 28.00 -11.00 -46.00
 21.00 -11.00 -46.00
 14.00 -11.00 -46.00
  7.00 -11.00 -46.00
  0.00 -11.00 -46.00
 -7.00 -11.00 -46.00
-14.00 -11.00 -46.00
-21.00 -11.00 -46.00
-28.00 -11.00 -46.00
-36.00 -11.00 -46.00
-43.00 -11.00 -46.00
-50.00 -11.00 -46.00
 36.00 -19.00 -46.00
 28.00 -19.00 -46.00
 14.00 -19.00 -46.00
  7.00 -19.00 -46.00
  0.00 -19.00 -46.00
 -7.00 -19.00 -46.00
-14.00 -19.00 -46.00
-28.00 -19.00 -46.00
-36.00 -19.00 -46.00
 14.00 -26.00 -46.00
  7.00 -26.00 -46.00
  0.00 -26.00 -46.00
 -7.00 -26.00 -46.00
-14.00 -26.00 -46.00
 14.00 -33.00 -46.00
  7.00 -33.00 -46.00
  0.00 -33.00 -46.00
 -7.00 -33.00 -46.00
-14.00 -33.00 -46.00
 14.00 -40.00 -46.00
  7.00 -40.00 -46.00
  0.00 -40.00 -46.00
 -7.00 -40.00 -46.00
-14.00 -40.00 -46.00
 43.00  17.00 -39.00
 36.00  17.00 -39.00
 28.00  17.00 -39.00
-28.00  17.00 -39.00
-36.00  17.00 -39.00
-43.00  17.00 -39.00
 50.00  10.00 -39.00
 43.00  10.00 -39.00
 36.00  10.00 -39.00
 28.00  10.00 -39.00
-28.00  10.00 -39.00
-36.00  10.00 -39.00
-43.00  10.00 -39.00
-50.00  10.00 -39.00
 50.00   3.00 -39.00
 43.00   3.00 -39.00
 36.00   3.00 -39.00
 28.00   3.00 -39.00
 21.00   3.00 -39.00
 14.00   3.00 -39.00
-14.00   3.00 -39.00
-21.00   3.00 -39.00
-28.00   3.00 -39.00
-36.00   3.00 -39.00
-43.00   3.00 -39.00
-50.00   3.00 -39.00
 57.00  -4.00 -39.00
 50.00  -4.00 -39.00
 43.00  -4.00 -39.00
 36.00  -4.00 -39.00
 28.00  -4.00 -39.00
 21.00  -4.00 -39.00
 14.00  -4.00 -39.00
  7.00  -4.00 -39.00
  0.00  -4.00 -39.00
 -7.00  -4.00 -39.00
-14.00  -4.00 -39.00
-21.00  -4.00 -39.00
-28.00  -4.00 -39.00
-36.00  -4.00 -39.00
-43.00  -4.00 -39.00
-50.00  -4.00 -39.00
-57.00  -4.00 -39.00
 57.00 -11.00 -39.00
 50.00 -11.00 -39.00
 43.00 -11.00 -39.00
 36.00 -11.00 -39.00
 28.00 -11.00 -39.00
 21.00 -11.00 -39.00
 14.00 -11.00 -39.00
  7.00 -11.00 -39.00
  0.00 -11.00 -39.00
 -7.00 -11.00 -39.00
-14.00 -11.00 -39.00
-21.00 -11.00 -39.00
-28.00 -11.00 -39.00
-36.00 -11.00 -39.00
-43.00 -11.00 -39.00
-50.00 -11.00 -39.00
-57.00 -11.00 -39.00
 57.00 -19.00 -39.00
 50.00 -19.00 -39.00
 43.00 -19.00 -39.00
 36.00 -19.00 -39.00
 21.00 -19.00 -39.00
 14.00 -19.00 -39.00
  7.00 -19.00 -39.00
  0.00 -19.00 -39.00
 -7.00 -19.00 -39.00
-14.00 -19.00 -39.00
-21.00 -19.00 -39.00
-36.00 -19.00 -39.00
-43.00 -19.00 -39.00
-50.00 -19.00 -39.00
-57.00 -19.00 -39.00
 14.00 -26.00 -39.00
  7.00 -26.00 -39.00
  0.00 -26.00 -39.00
 -7.00 -26.00 -39.00
-14.00 -26.00 -39.00
 14.00 -33.00 -39.00
  7.00 -33.00 -39.00
  0.00 -33.00 -39.00
 -7.00 -33.00 -39.00
-14.00 -33.00 -39.00
 14.00 -40.00 -39.00
  7.00 -40.00 -39.00
  0.00 -40.00 -39.00
 -7.00 -40.00 -39.00
-14.00 -40.00 -39.00
  7.00  54.00 -31.00
 -7.00  54.00 -31.00
  7.00  46.00 -31.00
 -7.00  46.00 -31.00
  7.00  39.00 -31.00
 -7.00  39.00 -31.00
  7.00  32.00 -31.00
 -7.00  32.00 -31.00
 43.00  25.00 -31.00
 36.00  25.00 -31.00
-36.00  25.00 -31.00
-43.00  25.00 -31.00
 50.00  17.00 -31.00
 43.00  17.00 -31.00
 36.00  17.00 -31.00
 28.00  17.00 -31.00
-28.00  17.00 -31.00
-36.00  17.00 -31.00
-43.00  17.00 -31.00
-50.00  17.00 -31.00
 57.00  10.00 -31.00
 50.00  10.00 -31.00
 43.00  10.00 -31.00
 36.00  10.00 -31.00
 28.00  10.00 -31.00
 21.00  10.00 -31.00
-21.00  10.00 -31.00
-28.00  10.00 -31.00
-36.00  10.00 -31.00
-43.00  10.00 -31.00
-50.00  10.00 -31.00
-57.00  10.00 -31.00
 57.00   3.00 -31.00
 50.00   3.00 -31.00
 28.00   3.00 -31.00
 21.00   3.00 -31.00
 14.00   3.00 -31.00
-14.00   3.00 -31.00
-21.00   3.00 -31.00
-28.00   3.00 -31.00
-50.00   3.00 -31.00
-57.00   3.00 -31.00
 57.00  -4.00 -31.00
 50.00  -4.00 -31.00
 43.00  -4.00 -31.00
 36.00  -4.00 -31.00
 28.00  -4.00 -31.00
 21.00  -4.00 -31.00
 14.00  -4.00 -31.00
  7.00  -4.00 -31.00
  0.00  -4.00 -31.00
 -7.00  -4.00 -31.00
-14.00  -4.00 -31.00
-21.00  -4.00 -31.00
-28.00  -4.00 -31.00
-36.00  -4.00 -31.00
-43.00  -4.00 -31.00
-50.00  -4.00 -31.00
-57.00  -4.00 -31.00
 65.00 -11.00 -31.00
 57.00 -11.00 -31.00
 50.00 -11.00 -31.00
 43.00 -11.00 -31.00
 36.00 -11.00 -31.00
 28.00 -11.00 -31.00
 21.00 -11.00 -31.00
 14.00 -11.00 -31.00
  7.00 -11.00 -31.00
  0.00 -11.00 -31.00
 -7.00 -11.00 -31.00
-14.00 -11.00 -31.00
-21.00 -11.00 -31.00
-28.00 -11.00 -31.00
-36.00 -11.00 -31.00
-43.00 -11.00 -31.00
-50.00 -11.00 -31.00
-57.00 -11.00 -31.00
-65.00 -11.00 -31.00
 65.00 -19.00 -31.00
 57.00 -19.00 -31.00
 50.00 -19.00 -31.00
 43.00 -19.00 -31.00
 36.00 -19.00 -31.00
 28.00 -19.00 -31.00
 21.00 -19.00 -31.00
 14.00 -19.00 -31.00
  7.00 -19.00 -31.00
  0.00 -19.00 -31.00
 -7.00 -19.00 -31.00
-14.00 -19.00 -31.00
-21.00 -19.00 -31.00
-28.00 -19.00 -31.00
-36.00 -19.00 -31.00
-43.00 -19.00 -31.00
-50.00 -19.00 -31.00
-57.00 -19.00 -31.00
-65.00 -19.00 -31.00
 65.00 -26.00 -31.00
 57.00 -26.00 -31.00
 50.00 -26.00 -31.00
 43.00 -26.00 -31.00
 36.00 -26.00 -31.00
 28.00 -26.00 -31.00
 14.00 -26.00 -31.00
  7.00 -26.00 -31.00
  0.00 -26.00 -31.00
 -7.00 -26.00 -31.00
-14.00 -26.00 -31.00
-28.00 -26.00 -31.00
-36.00 -26.00 -31.00
-43.00 -26.00 -31.00
-50.00 -26.00 -31.00
-57.00 -26.00 -31.00
-65.00 -26.00 -31.00
 57.00 -33.00 -31.00
 50.00 -33.00 -31.00
 43.00 -33.00 -31.00
 36.00 -33.00 -31.00
 14.00 -33.00 -31.00
  7.00 -33.00 -31.00
  0.00 -33.00 -31.00
 -7.00 -33.00 -31.00
-14.00 -33.00 -31.00
-36.00 -33.00 -31.00
-43.00 -33.00 -31.00
-50.00 -33.00 -31.00
-57.00 -33.00 -31.00
  7.00 -40.00 -31.00
 -7.00 -40.00 -31.00
 14.00  61.00 -24.00
  7.00  61.00 -24.00
 -7.00  61.00 -24.00
-14.00  61.00 -24.00
 14.00  54.00 -24.00
  7.00  54.00 -24.00
 -7.00  54.00 -24.00
-14.00  54.00 -24.00
 14.00  46.00 -24.00
  7.00  46.00 -24.00
 -7.00  46.00 -24.00
-14.00  46.00 -24.00
 14.00  39.00 -24.00
  7.00  39.00 -24.00
 -7.00  39.00 -24.00
-14.00  39.00 -24.00
 43.00  32.00 -24.00
 14.00  32.00 -24.00
  7.00  32.00 -24.00
 -7.00  32.00 -24.00
-14.00  32.00 -24.00
-43.00  32.00 -24.00
 50.00  25.00 -24.00
 43.00  25.00 -24.00
 36.00  25.00 -24.00
 21.00  25.00 -24.00
 14.00  25.00 -24.00
  7.00  25.00 -24.00
 -7.00  25.00 -24.00
-14.00  25.00 -24.00
-21.00  25.00 -24.00
-36.00  25.00 -24.00
-43.00  25.00 -24.00
-50.00  25.00 -24.00
 50.00  17.00 -24.00
 43.00  17.00 -24.00
 36.00  17.00 -24.00
 28.00  17.00 -24.00
 21.00  17.00 -24.00
 14.00  17.00 -24.00
  7.00  17.00 -24.00
 -7.00  17.00 -24.00
-14.00  17.00 -24.00
-21.00  17.00 -24.00
-28.00  17.00 -24.00
-36.00  17.00 -24.00
-43.00  17.00 -24.00
-50.00  17.00 -24.00
 57.00  10.00 -24.00
 50.00  10.00 -24.00
 43.00  10.00 -24.00
 36.00  10.00 -24.00
 28.00  10.00 -24.00
 21.00  10.00 -24.00
 14.00  10.00 -24.00
  7.00  10.00 -24.00
 -7.00  10.00 -24.00
-14.00  10.00 -24.00
-21.00  10.00 -24.00
-28.00  10.00 -24.00
-36.00  10.00 -24.00
-43.00  10.00 -24.00
-50.00  10.00 -24.00
-57.00  10.00 -24.00
 57.00   3.00 -24.00
 50.00   3.00 -24.00
 43.00   3.00 -24.00
 28.00   3.00 -24.00
 21.00   3.00 -24.00
 14.00   3.00 -24.00
-14.00   3.00 -24.00
-21.00   3.00 -24.00
-28.00   3.00 -24.00
-43.00   3.00 -24.00
-50.00   3.00 -24.00
-57.00   3.00 -24.00
 65.00  -4.00 -24.00
 57.00  -4.00 -24.00
 50.00  -4.00 -24.00
 28.00  -4.00 -24.00
 21.00  -4.00 -24.00
 14.00  -4.00 -24.00
-14.00  -4.00 -24.00
-21.00  -4.00 -24.00
-28.00  -4.00 -24.00
-50.00  -4.00 -24.00
-57.00  -4.00 -24.00
-65.00  -4.00 -24.00
 65.00 -11.00 -24.00
 57.00 -11.00 -24.00
 43.00 -11.00 -24.00
 36.00 -11.00 -24.00
 28.00 -11.00 -24.00
 21.00 -11.00 -24.00
 14.00 -11.00 -24.00
  0.00 -11.00 -24.00
-14.00 -11.00 -24.00
-21.00 -11.00 -24.00
-28.00 -11.00 -24.00
-36.00 -11.00 -24.00
-43.00 -11.00 -24.00
-57.00 -11.00 -24.00
-65.00 -11.00 -24.00
 65.00 -19.00 -24.00
 57.00 -19.00 -24.00
 50.00 -19.00 -24.00
 43.00 -19.00 -24.00
 36.00 -19.00 -24.00
 28.00 -19.00 -24.00
 21.00 -19.00 -24.00
 14.00 -19.00 -24.00
  7.00 -19.00 -24.00
  0.00 -19.00 -24.00
 -7.00 -19.00 -24.00
-14.00 -19.00 -24.00
-21.00 -19.00 -24.00
-28.00 -19.00 -24.00
-36.00 -19.00 -24.00
-43.00 -19.00 -24.00
-50.00 -19.00 -24.00
-57.00 -19.00 -24.00
-65.00 -19.00 -24.00
 65.00 -26.00 -24.00
 57.00 -26.00 -24.00
 50.00 -26.00 -24.00
 43.00 -26.00 -24.00
 36.00 -26.00 -24.00
 28.00 -26.00 -24.00
 21.00 -26.00 -24.00
 14.00 -26.00 -24.00
  7.00 -26.00 -24.00
  0.00 -26.00 -24.00
 -7.00 -26.00 -24.00
-14.00 -26.00 -24.00
-21.00 -26.00 -24.00
-28.00 -26.00 -24.00
-36.00 -26.00 -24.00
-43.00 -26.00 -24.00
-50.00 -26.00 -24.00
-57.00 -26.00 -24.00
-65.00 -26.00 -24.00
 65.00 -33.00 -24.00
 57.00 -33.00 -24.00
 50.00 -33.00 -24.00
 43.00 -33.00 -24.00
 36.00 -33.00 -24.00
 28.00 -33.00 -24.00
 21.00 -33.00 -24.00
  7.00 -33.00 -24.00
  0.00 -33.00 -24.00
 -7.00 -33.00 -24.00
-21.00 -33.00 -24.00
-28.00 -33.00 -24.00
-36.00 -33.00 -24.00
-43.00 -33.00 -24.00
-50.00 -33.00 -24.00
-57.00 -33.00 -24.00
-65.00 -33.00 -24.00
 65.00 -40.00 -24.00
 57.00 -40.00 -24.00
 50.00 -40.00 -24.00
 43.00 -40.00 -24.00
 36.00 -40.00 -24.00
 28.00 -40.00 -24.00
-28.00 -40.00 -24.00
-36.00 -40.00 -24.00
-43.00 -40.00 -24.00
-50.00 -40.00 -24.00
-57.00 -40.00 -24.00
-65.00 -40.00 -24.00
 57.00 -48.00 -24.00
 50.00 -48.00 -24.00
 43.00 -48.00 -24.00
 36.00 -48.00 -24.00
-36.00 -48.00 -24.00
-43.00 -48.00 -24.00
-50.00 -48.00 -24.00
-57.00 -48.00 -24.00
 57.00 -55.00 -24.00
 50.00 -55.00 -24.00
 43.00 -55.00 -24.00
-43.00 -55.00 -24.00
-50.00 -55.00 -24.00
-57.00 -55.00 -24.00
 57.00 -62.00 -24.00
 50.00 -62.00 -24.00
-50.00 -62.00 -24.00
-57.00 -62.00 -24.00
 50.00 -69.00 -24.00
-50.00 -69.00 -24.00
 50.00 -76.00 -24.00
-50.00 -76.00 -24.00
 14.00  68.00 -17.00
  7.00  68.00 -17.00
 -7.00  68.00 -17.00
-14.00  68.00 -17.00
 28.00  61.00 -17.00
 21.00  61.00 -17.00
 14.00  61.00 -17.00
  7.00  61.00 -17.00
 -7.00  61.00 -17.00
-14.00  61.00 -17.00
-21.00  61.00 -17.00
-28.00  61.00 -17.00
 36.00  54.00 -17.00
 28.00  54.00 -17.00
 21.00  54.00 -17.00
 14.00  54.00 -17.00
  7.00  54.00 -17.00
 -7.00  54.00 -17.00
-14.00  54.00 -17.00
-21.00  54.00 -17.00
-28.00  54.00 -17.00
-36.00  54.00 -17.00
 43.00  46.00 -17.00
 36.00  46.00 -17.00
 28.00  46.00 -17.00
 21.00  46.00 -17.00
  7.00  46.00 -17.00
 -7.00  46.00 -17.00
-21.00  46.00 -17.00
-28.00  46.00 -17.00
-36.00  46.00 -17.00
-43.00  46.00 -17.00
 50.00  39.00 -17.00
 43.00  39.00 -17.00
 36.00  39.00 -17.00
 28.00  39.00 -17.00
 21.00  39.00 -17.00
  7.00  39.00 -17.00
 -7.00  39.00 -17.00
-21.00  39.00 -17.00
-28.00  39.00 -17.00
-36.00  39.00 -17.00
-43.00  39.00 -17.00
-50.00  39.00 -17.00
 50.00  32.00 -17.00
 43.00  32.00 -17.00
 36.00  32.00 -17.00
 28.00  32.00 -17.00
 21.00  32.00 -17.00
  7.00  32.00 -17.00
 -7.00  32.00 -17.00
-21.00  32.00 -17.00
-28.00  32.00 -17.00
-36.00  32.00 -17.00
-43.00  32.00 -17.00
-50.00  32.00 -17.00
 50.00  25.00 -17.00
 43.00  25.00 -17.00
 36.00  25.00 -17.00
 21.00  25.00 -17.00
 14.00  25.00 -17.00
  7.00  25.00 -17.00
 -7.00  25.00 -17.00
-14.00  25.00 -17.00
-21.00  25.00 -17.00
-36.00  25.00 -17.00
-43.00  25.00 -17.00
-50.00  25.00 -17.00
 57.00  17.00 -17.00
 50.00  17.00 -17.00
 43.00  17.00 -17.00
 36.00  17.00 -17.00
 28.00  17.00 -17.00
 21.00  17.00 -17.00
 14.00  17.00 -17.00
  7.00  17.00 -17.00
 -7.00  17.00 -17.00
-14.00  17.00 -17.00
-21.00  17.00 -17.00
-28.00  17.00 -17.00
-36.00  17.00 -17.00
-43.00  17.00 -17.00
-50.00  17.00 -17.00
-57.00  17.00 -17.00
 57.00  10.00 -17.00
 50.00  10.00 -17.00
 43.00  10.00 -17.00
 36.00  10.00 -17.00
 28.00  10.00 -17.00
 21.00  10.00 -17.00
 14.00  10.00 -17.00
  7.00  10.00 -17.00
 -7.00  10.00 -17.00
-14.00  10.00 -17.00
-21.00  10.00 -17.00
-28.00  10.00 -17.00
-36.00  10.00 -17.00
-43.00  10.00 -17.00
-50.00  10.00 -17.00
-57.00  10.00 -17.00
 65.00   3.00 -17.00
 57.00   3.00 -17.00
 50.00   3.00 -17.00
 43.00   3.00 -17.00
 28.00   3.00 -17.00
 21.00   3.00 -17.00
  7.00   3.00 -17.00
 -7.00   3.00 -17.00
-21.00   3.00 -17.00
-28.00   3.00 -17.00
-43.00   3.00 -17.00
-50.00   3.00 -17.00
-57.00   3.00 -17.00
-65.00   3.00 -17.00
 65.00  -4.00 -17.00
 57.00  -4.00 -17.00
 50.00  -4.00 -17.00
 43.00  -4.00 -17.00
 28.00  -4.00 -17.00
 21.00  -4.00 -17.00
 14.00  -4.00 -17.00
  7.00  -4.00 -17.00
 -7.00  -4.00 -17.00
-14.00  -4.00 -17.00
-21.00  -4.00 -17.00
-28.00  -4.00 -17.00
-43.00  -4.00 -17.00
-50.00  -4.00 -17.00
-57.00  -4.00 -17.00
-65.00  -4.00 -17.00
 65.00 -11.00 -17.00
 57.00 -11.00 -17.00
 50.00 -11.00 -17.00
 28.00 -11.00 -17.00
 21.00 -11.00 -17.00
 14.00 -11.00 -17.00
-14.00 -11.00 -17.00
-21.00 -11.00 -17.00
-28.00 -11.00 -17.00
-50.00 -11.00 -17.00
-57.00 -11.00 -17.00
-65.00 -11.00 -17.00
 72.00 -19.00 -17.00
 65.00 -19.00 -17.00
 57.00 -19.00 -17.00
 50.00 -19.00 -17.00
 36.00 -19.00 -17.00
 28.00 -19.00 -17.00
 21.00 -19.00 -17.00
 14.00 -19.00 -17.00
  7.00 -19.00 -17.00
  0.00 -19.00 -17.00
 -7.00 -19.00 -17.00
-14.00 -19.00 -17.00
-21.00 -19.00 -17.00
-28.00 -19.00 -17.00
-36.00 -19.00 -17.00
-50.00 -19.00 -17.00
-57.00 -19.00 -17.00
-65.00 -19.00 -17.00
-72.00 -19.00 -17.00
 72.00 -26.00 -17.00
 65.00 -26.00 -17.00
 57.00 -26.00 -17.00
 43.00 -26.00 -17.00
 36.00 -26.00 -17.00
 28.00 -26.00 -17.00
 21.00 -26.00 -17.00
 14.00 -26.00 -17.00
  7.00 -26.00 -17.00
  0.00 -26.00 -17.00
 -7.00 -26.00 -17.00
-14.00 -26.00 -17.00
-21.00 -26.00 -17.00
-28.00 -26.00 -17.00
-36.00 -26.00 -17.00
-43.00 -26.00 -17.00
-57.00 -26.00 -17.00
-65.00 -26.00 -17.00
-72.00 -26.00 -17.00
 72.00 -33.00 -17.00
 65.00 -33.00 -17.00
 57.00 -33.00 -17.00
 50.00 -33.00 -17.00
 43.00 -33.00 -17.00
 36.00 -33.00 -17.00
 28.00 -33.00 -17.00
 21.00 -33.00 -17.00
  7.00 -33.00 -17.00
  0.00 -33.00 -17.00
 -7.00 -33.00 -17.00
-21.00 -33.00 -17.00
-28.00 -33.00 -17.00
-36.00 -33.00 -17.00
-43.00 -33.00 -17.00
-50.00 -33.00 -17.00
-57.00 -33.00 -17.00
-65.00 -33.00 -17.00
-72.00 -33.00 -17.00
 65.00 -40.00 -17.00
 57.00 -40.00 -17.00
 50.00 -40.00 -17.00
 43.00 -40.00 -17.00
 36.00 -40.00 -17.00
 28.00 -40.00 -17.00
 21.00 -40.00 -17.00
-21.00 -40.00 -17.00
-28.00 -40.00 -17.00
-36.00 -40.00 -17.00
-43.00 -40.00 -17.00
-50.00 -40.00 -17.00
-57.00 -40.00 -17.00
-65.00 -40.00 -17.00
 65.00 -48.00 -17.00
 57.00 -48.00 -17.00
 50.00 -48.00 -17.00
 43.00 -48.00 -17.00
 36.00 -48.00 -17.00
 28.00 -48.00 -17.00
-28.00 -48.00 -17.00
-36.00 -48.00 -17.00
-43.00 -48.00 -17.00
-50.00 -48.00 -17.00
-57.00 -48.00 -17.00
-65.00 -48.00 -17.00
 65.00 -55.00 -17.00
 57.00 -55.00 -17.00
 50.00 -55.00 -17.00
 43.00 -55.00 -17.00
 36.00 -55.00 -17.00
 28.00 -55.00 -17.00
-28.00 -55.00 -17.00
-36.00 -55.00 -17.00
-43.00 -55.00 -17.00
-50.00 -55.00 -17.00
-57.00 -55.00 -17.00
-65.00 -55.00 -17.00
 57.00 -62.00 -17.00
 50.00 -62.00 -17.00
 43.00 -62.00 -17.00
 36.00 -62.00 -17.00
 28.00 -62.00 -17.00
-28.00 -62.00 -17.00
-36.00 -62.00 -17.00
-43.00 -62.00 -17.00
-50.00 -62.00 -17.00
-57.00 -62.00 -17.00
 57.00 -69.00 -17.00
 50.00 -69.00 -17.00
 43.00 -69.00 -17.00
 36.00 -69.00 -17.00
 28.00 -69.00 -17.00
 21.00 -69.00 -17.00
-21.00 -69.00 -17.00
-28.00 -69.00 -17.00
-36.00 -69.00 -17.00
-43.00 -69.00 -17.00
-50.00 -69.00 -17.00
-57.00 -69.00 -17.00
 50.00 -76.00 -17.00
 43.00 -76.00 -17.00
 36.00 -76.00 -17.00
 28.00 -76.00 -17.00
 21.00 -76.00 -17.00
 14.00 -76.00 -17.00
-14.00 -76.00 -17.00
-21.00 -76.00 -17.00
-28.00 -76.00 -17.00
-36.00 -76.00 -17.00
-43.00 -76.00 -17.00
-50.00 -76.00 -17.00
 43.00 -84.00 -17.00
 36.00 -84.00 -17.00
 28.00 -84.00 -17.00
 21.00 -84.00 -17.00
 14.00 -84.00 -17.00
  7.00 -84.00 -17.00
 -7.00 -84.00 -17.00
-14.00 -84.00 -17.00
-21.00 -84.00 -17.00
-28.00 -84.00 -17.00
-36.00 -84.00 -17.00
-43.00 -84.00 -17.00
 36.00 -91.00 -17.00
 28.00 -91.00 -17.00
 21.00 -91.00 -17.00
 14.00 -91.00 -17.00
  7.00 -91.00 -17.00
 -7.00 -91.00 -17.00
-14.00 -91.00 -17.00
-21.00 -91.00 -17.00
-28.00 -91.00 -17.00
-36.00 -91.00 -17.00
 28.00 -98.00 -17.00
 21.00 -98.00 -17.00
 14.00 -98.00 -17.00
  7.00 -98.00 -17.00
 -7.00 -98.00 -17.00
-14.00 -98.00 -17.00
-21.00 -98.00 -17.00
-28.00 -98.00 -17.00
 28.00  68.00 -10.00
 21.00  68.00 -10.00
 14.00  68.00 -10.00
  7.00  68.00 -10.00
 -7.00  68.00 -10.00
-14.00  68.00 -10.00
-21.00  68.00 -10.00
-28.00  68.00 -10.00
 36.00  61.00 -10.00
 28.00  61.00 -10.00
 21.00  61.00 -10.00
 14.00  61.00 -10.00
  7.00  61.00 -10.00
 -7.00  61.00 -10.00
-14.00  61.00 -10.00
-21.00  61.00 -10.00
-28.00  61.00 -10.00
-36.00  61.00 -10.00
 43.00  54.00 -10.00
 36.00  54.00 -10.00
 28.00  54.00 -10.00
 21.00  54.00 -10.00
  7.00  54.00 -10.00
 -7.00  54.00 -10.00
-21.00  54.00 -10.00
-28.00  54.00 -10.00
-36.00  54.00 -10.00
-43.00  54.00 -10.00
 50.00  46.00 -10.00
 43.00  46.00 -10.00
 36.00  46.00 -10.00
 28.00  46.00 -10.00
 14.00  46.00 -10.00
  7.00  46.00 -10.00
 -7.00  46.00 -10.00
-14.00  46.00 -10.00
-28.00  46.00 -10.00
-36.00  46.00 -10.00
-43.00  46.00 -10.00
-50.00  46.00 -10.00
 50.00  39.00 -10.00
 43.00  39.00 -10.00
 36.00  39.00 -10.00
 28.00  39.00 -10.00
 14.00  39.00 -10.00
  7.00  39.00 -10.00
 -7.00  39.00 -10.00
-14.00  39.00 -10.00
-28.00  39.00 -10.00
-36.00  39.00 -10.00
-43.00  39.00 -10.00
-50.00  39.00 -10.00
 50.00  32.00 -10.00
 43.00  32.00 -10.00
 28.00  32.00 -10.00
 21.00  32.00 -10.00
  7.00  32.00 -10.00
 -7.00  32.00 -10.00
-21.00  32.00 -10.00
-28.00  32.00 -10.00
-43.00  32.00 -10.00
-50.00  32.00 -10.00
 50.00  25.00 -10.00
 43.00  25.00 -10.00
 36.00  25.00 -10.00
  7.00  25.00 -10.00
 -7.00  25.00 -10.00
-36.00  25.00 -10.00
-43.00  25.00 -10.00
-50.00  25.00 -10.00
 57.00  17.00 -10.00
 50.00  17.00 -10.00
 43.00  17.00 -10.00
 36.00  17.00 -10.00
 28.00  17.00 -10.00
 21.00  17.00 -10.00
 14.00  17.00 -10.00
  7.00  17.00 -10.00
 -7.00  17.00 -10.00
-14.00  17.00 -10.00
-21.00  17.00 -10.00
-28.00  17.00 -10.00
-36.00  17.00 -10.00
-43.00  17.00 -10.00
-50.00  17.00 -10.00
-57.00  17.00 -10.00
 57.00  10.00 -10.00
 50.00  10.00 -10.00
 43.00  10.00 -10.00
 36.00  10.00 -10.00
 28.00  10.00 -10.00
 21.00  10.00 -10.00
 14.00  10.00 -10.00
  7.00  10.00 -10.00
 -7.00  10.00 -10.00
-14.00  10.00 -10.00
-21.00  10.00 -10.00
-28.00  10.00 -10.00
-36.00  10.00 -10.00
-43.00  10.00 -10.00
-50.00  10.00 -10.00
-57.00  10.00 -10.00
 65.00   3.00 -10.00
 57.00   3.00 -10.00
 50.00   3.00 -10.00
 43.00   3.00 -10.00
 36.00   3.00 -10.00
 28.00   3.00 -10.00
 21.00   3.00 -10.00
 14.00   3.00 -10.00
  7.00   3.00 -10.00
 -7.00   3.00 -10.00
-14.00   3.00 -10.00
-21.00   3.00 -10.00
-28.00   3.00 -10.00
-36.00   3.00 -10.00
-43.00   3.00 -10.00
-50.00   3.00 -10.00
-57.00   3.00 -10.00
-65.00   3.00 -10.00
 65.00  -4.00 -10.00
 57.00  -4.00 -10.00
 50.00  -4.00 -10.00
 43.00  -4.00 -10.00
 28.00  -4.00 -10.00
 21.00  -4.00 -10.00
  7.00  -4.00 -10.00
 -7.00  -4.00 -10.00
-21.00  -4.00 -10.00
-28.00  -4.00 -10.00
-43.00  -4.00 -10.00
-50.00  -4.00 -10.00
-57.00  -4.00 -10.00
-65.00  -4.00 -10.00
 65.00 -11.00 -10.00
 57.00 -11.00 -10.00
 50.00 -11.00 -10.00
 43.00 -11.00 -10.00
 21.00 -11.00 -10.00
  7.00 -11.00 -10.00
  0.00 -11.00 -10.00
 -7.00 -11.00 -10.00
-21.00 -11.00 -10.00
-43.00 -11.00 -10.00
-50.00 -11.00 -10.00
-57.00 -11.00 -10.00
-65.00 -11.00 -10.00
 65.00 -19.00 -10.00
 57.00 -19.00 -10.00
 50.00 -19.00 -10.00
 14.00 -19.00 -10.00
  7.00 -19.00 -10.00
  0.00 -19.00 -10.00
 -7.00 -19.00 -10.00
-14.00 -19.00 -10.00
-50.00 -19.00 -10.00
-57.00 -19.00 -10.00
-65.00 -19.00 -10.00
 72.00 -26.00 -10.00
 65.00 -26.00 -10.00
 57.00 -26.00 -10.00
 50.00 -26.00 -10.00
 36.00 -26.00 -10.00
 28.00 -26.00 -10.00
 21.00 -26.00 -10.00
 14.00 -26.00 -10.00
  7.00 -26.00 -10.00
  0.00 -26.00 -10.00
 -7.00 -26.00 -10.00
-14.00 -26.00 -10.00
-21.00 -26.00 -10.00
-28.00 -26.00 -10.00
-36.00 -26.00 -10.00
-50.00 -26.00 -10.00
-57.00 -26.00 -10.00
-65.00 -26.00 -10.00
-72.00 -26.00 -10.00
 72.00 -33.00 -10.00
 65.00 -33.00 -10.00
 36.00 -33.00 -10.00
 28.00 -33.00 -10.00
 21.00 -33.00 -10.00
 14.00 -33.00 -10.00
  7.00 -33.00 -10.00
  0.00 -33.00 -10.00
 -7.00 -33.00 -10.00
-14.00 -33.00 -10.00
-21.00 -33.00 -10.00
-28.00 -33.00 -10.00
-36.00 -33.00 -10.00
-65.00 -33.00 -10.00
-72.00 -33.00 -10.00
 72.00 -40.00 -10.00
 65.00 -40.00 -10.00
 57.00 -40.00 -10.00
 43.00 -40.00 -10.00
 36.00 -40.00 -10.00
 28.00 -40.00 -10.00
 21.00 -40.00 -10.00
 14.00 -40.00 -10.00
-14.00 -40.00 -10.00
-21.00 -40.00 -10.00
-28.00 -40.00 -10.00
-36.00 -40.00 -10.00
-43.00 -40.00 -10.00
-57.00 -40.00 -10.00
-65.00 -40.00 -10.00
-72.00 -40.00 -10.00
 65.00 -48.00 -10.00
 57.00 -48.00 -10.00
 50.00 -48.00 -10.00
 43.00 -48.00 -10.00
 36.00 -48.00 -10.00
 28.00 -48.00 -10.00
 21.00 -48.00 -10.00
 14.00 -48.00 -10.00
-14.00 -48.00 -10.00
-21.00 -48.00 -10.00
-28.00 -48.00 -10.00
-36.00 -48.00 -10.00
-43.00 -48.00 -10.00
-50.00 -48.00 -10.00
-57.00 -48.00 -10.00
-65.00 -48.00 -10.00
 65.00 -55.00 -10.00
 57.00 -55.00 -10.00
 50.00 -55.00 -10.00
 43.00 -55.00 -10.00
 36.00 -55.00 -10.00
 28.00 -55.00 -10.00
 21.00 -55.00 -10.00
 14.00 -55.00 -10.00
-14.00 -55.00 -10.00
-21.00 -55.00 -10.00
-28.00 -55.00 -10.00
-36.00 -55.00 -10.00
-43.00 -55.00 -10.00
-50.00 -55.00 -10.00
-57.00 -55.00 -10.00
-65.00 -55.00 -10.00
 57.00 -62.00 -10.00
 50.00 -62.00 -10.00
 43.00 -62.00 -10.00
 36.00 -62.00 -10.00
 28.00 -62.00 -10.00
 21.00 -62.00 -10.00
 14.00 -62.00 -10.00
-14.00 -62.00 -10.00
-21.00 -62.00 -10.00
-28.00 -62.00 -10.00
-36.00 -62.00 -10.00
-43.00 -62.00 -10.00
-50.00 -62.00 -10.00
-57.00 -62.00 -10.00
 57.00 -69.00 -10.00
 50.00 -69.00 -10.00
 43.00 -69.00 -10.00
 36.00 -69.00 -10.00
 28.00 -69.00 -10.00
 21.00 -69.00 -10.00
 14.00 -69.00 -10.00
-14.00 -69.00 -10.00
-21.00 -69.00 -10.00
-28.00 -69.00 -10.00
-36.00 -69.00 -10.00
-43.00 -69.00 -10.00
-50.00 -69.00 -10.00
-57.00 -69.00 -10.00
 50.00 -76.00 -10.00
 43.00 -76.00 -10.00
 36.00 -76.00 -10.00
 28.00 -76.00 -10.00
 21.00 -76.00 -10.00
 14.00 -76.00 -10.00
  7.00 -76.00 -10.00
 -7.00 -76.00 -10.00
-14.00 -76.00 -10.00
-21.00 -76.00 -10.00
-28.00 -76.00 -10.00
-36.00 -76.00 -10.00
-43.00 -76.00 -10.00
-50.00 -76.00 -10.00
 50.00 -84.00 -10.00
 43.00 -84.00 -10.00
 36.00 -84.00 -10.00
 28.00 -84.00 -10.00
 21.00 -84.00 -10.00
 14.00 -84.00 -10.00
  7.00 -84.00 -10.00
 -7.00 -84.00 -10.00
-14.00 -84.00 -10.00
-21.00 -84.00 -10.00
-28.00 -84.00 -10.00
-36.00 -84.00 -10.00
-43.00 -84.00 -10.00
-50.00 -84.00 -10.00
 43.00 -91.00 -10.00
 36.00 -91.00 -10.00
 28.00 -91.00 -10.00
 21.00 -91.00 -10.00
 14.00 -91.00 -10.00
  7.00 -91.00 -10.00
 -7.00 -91.00 -10.00
-14.00 -91.00 -10.00
-21.00 -91.00 -10.00
-28.00 -91.00 -10.00
-36.00 -91.00 -10.00
-43.00 -91.00 -10.00
 28.00 -98.00 -10.00
 21.00 -98.00 -10.00
 14.00 -98.00 -10.00
  7.00 -98.00 -10.00
 -7.00 -98.00 -10.00
-14.00 -98.00 -10.00
-21.00 -98.00 -10.00
-28.00 -98.00 -10.00
 14.00 -105.00 -10.00
-14.00 -105.00 -10.00
 21.00  68.00  -2.00
 14.00  68.00  -2.00
  7.00  68.00  -2.00
 -7.00  68.00  -2.00
-14.00  68.00  -2.00
-21.00  68.00  -2.00
 36.00  61.00  -2.00
 28.00  61.00  -2.00
 21.00  61.00  -2.00
 14.00  61.00  -2.00
  7.00  61.00  -2.00
 -7.00  61.00  -2.00
-14.00  61.00  -2.00
-21.00  61.00  -2.00
-28.00  61.00  -2.00
-36.00  61.00  -2.00
 43.00  54.00  -2.00
 36.00  54.00  -2.00
 28.00  54.00  -2.00
 21.00  54.00  -2.00
 14.00  54.00  -2.00
  7.00  54.00  -2.00
 -7.00  54.00  -2.00
-14.00  54.00  -2.00
-21.00  54.00  -2.00
-28.00  54.00  -2.00
-36.00  54.00  -2.00
-43.00  54.00  -2.00
 50.00  46.00  -2.00
 43.00  46.00  -2.00
 14.00  46.00  -2.00
  7.00  46.00  -2.00
 -7.00  46.00  -2.00
-14.00  46.00  -2.00
-43.00  46.00  -2.00
-50.00  46.00  -2.00
 57.00  39.00  -2.00
 50.00  39.00  -2.00
 43.00  39.00  -2.00
  7.00  39.00  -2.00
 -7.00  39.00  -2.00
-43.00  39.00  -2.00
-50.00  39.00  -2.00
-57.00  39.00  -2.00
 57.00  32.00  -2.00
 50.00  32.00  -2.00
 43.00  32.00  -2.00
  7.00  32.00  -2.00
 -7.00  32.00  -2.00
-43.00  32.00  -2.00
-50.00  32.00  -2.00
-57.00  32.00  -2.00
 57.00  25.00  -2.00
 50.00  25.00  -2.00
 43.00  25.00  -2.00
 36.00  25.00  -2.00
 28.00  25.00  -2.00
-28.00  25.00  -2.00
-36.00  25.00  -2.00
-43.00  25.00  -2.00
-50.00  25.00  -2.00
-57.00  25.00  -2.00
 57.00  17.00  -2.00
 50.00  17.00  -2.00
 43.00  17.00  -2.00
 36.00  17.00  -2.00
 21.00  17.00  -2.00
 14.00  17.00  -2.00
  7.00  17.00  -2.00
 -7.00  17.00  -2.00
-14.00  17.00  -2.00
-21.00  17.00  -2.00
-36.00  17.00  -2.00
-43.00  17.00  -2.00
-50.00  17.00  -2.00
-57.00  17.00  -2.00
 57.00  10.00  -2.00
 50.00  10.00  -2.00
 43.00  10.00  -2.00
 36.00  10.00  -2.00
 28.00  10.00  -2.00
 21.00  10.00  -2.00
  7.00  10.00  -2.00
 -7.00  10.00  -2.00
-21.00  10.00  -2.00
-28.00  10.00  -2.00
-36.00  10.00  -2.00
-43.00  10.00  -2.00
-50.00  10.00  -2.00
-57.00  10.00  -2.00
 65.00   3.00  -2.00
 57.00   3.00  -2.00
 50.00   3.00  -2.00
 43.00   3.00  -2.00
 36.00   3.00  -2.00
 28.00   3.00  -2.00
 21.00   3.00  -2.00
 14.00   3.00  -2.00
  7.00   3.00  -2.00
 -7.00   3.00  -2.00
-14.00   3.00  -2.00
-21.00   3.00  -2.00
-28.00   3.00  -2.00
-36.00   3.00  -2.00
-43.00   3.00  -2.00
-50.00   3.00  -2.00
-57.00   3.00  -2.00
-65.00   3.00  -2.00
 65.00  -4.00  -2.00
 57.00  -4.00  -2.00
 50.00  -4.00  -2.00
 43.00  -4.00  -2.00
 36.00  -4.00  -2.00
 28.00  -4.00  -2.00
 21.00  -4.00  -2.00
  7.00  -4.00  -2.00
 -7.00  -4.00  -2.00
-21.00  -4.00  -2.00
-28.00  -4.00  -2.00
-36.00  -4.00  -2.00
-43.00  -4.00  -2.00
-50.00  -4.00  -2.00
-57.00  -4.00  -2.00
-65.00  -4.00  -2.00
 65.00 -11.00  -2.00
 57.00 -11.00  -2.00
 50.00 -11.00  -2.00
 43.00 -11.00  -2.00
 36.00 -11.00  -2.00
 28.00 -11.00  -2.00
  7.00 -11.00  -2.00
 -7.00 -11.00  -2.00
-28.00 -11.00  -2.00
-36.00 -11.00  -2.00
-43.00 -11.00  -2.00
-50.00 -11.00  -2.00
-57.00 -11.00  -2.00
-65.00 -11.00  -2.00
 65.00 -19.00  -2.00
 57.00 -19.00  -2.00
 50.00 -19.00  -2.00
 43.00 -19.00  -2.00
 36.00 -19.00  -2.00
 14.00 -19.00  -2.00
  7.00 -19.00  -2.00
 -7.00 -19.00  -2.00
-14.00 -19.00  -2.00
-36.00 -19.00  -2.00
-43.00 -19.00  -2.00
-50.00 -19.00  -2.00
-57.00 -19.00  -2.00
-65.00 -19.00  -2.00
 72.00 -26.00  -2.00
 65.00 -26.00  -2.00
 57.00 -26.00  -2.00
 50.00 -26.00  -2.00
 14.00 -26.00  -2.00
  7.00 -26.00  -2.00
 -7.00 -26.00  -2.00
-14.00 -26.00  -2.00
-50.00 -26.00  -2.00
-57.00 -26.00  -2.00
-65.00 -26.00  -2.00
-72.00 -26.00  -2.00
 72.00 -33.00  -2.00
 65.00 -33.00  -2.00
 57.00 -33.00  -2.00
 50.00 -33.00  -2.00
 21.00 -33.00  -2.00
 14.00 -33.00  -2.00
-14.00 -33.00  -2.00
-21.00 -33.00  -2.00
-50.00 -33.00  -2.00
-57.00 -33.00  -2.00
-65.00 -33.00  -2.00
-72.00 -33.00  -2.00
 72.00 -40.00  -2.00
 65.00 -40.00  -2.00
 57.00 -40.00  -2.00
 50.00 -40.00  -2.00
 28.00 -40.00  -2.00
 21.00 -40.00  -2.00
 14.00 -40.00  -2.00
  7.00 -40.00  -2.00
 -7.00 -40.00  -2.00
-14.00 -40.00  -2.00
-21.00 -40.00  -2.00
-28.00 -40.00  -2.00
-50.00 -40.00  -2.00
-57.00 -40.00  -2.00
-65.00 -40.00  -2.00
-72.00 -40.00  -2.00
 65.00 -48.00  -2.00
 57.00 -48.00  -2.00
 21.00 -48.00  -2.00
 14.00 -48.00  -2.00
-14.00 -48.00  -2.00
-21.00 -48.00  -2.00
-57.00 -48.00  -2.00
-65.00 -48.00  -2.00
 65.00 -55.00  -2.00
 57.00 -55.00  -2.00
 50.00 -55.00  -2.00
 43.00 -55.00  -2.00
 21.00 -55.00  -2.00
 14.00 -55.00  -2.00
-14.00 -55.00  -2.00
-21.00 -55.00  -2.00
-43.00 -55.00  -2.00
-50.00 -55.00  -2.00
-57.00 -55.00  -2.00
-65.00 -55.00  -2.00
 65.00 -62.00  -2.00
 57.00 -62.00  -2.00
 50.00 -62.00  -2.00
 43.00 -62.00  -2.00
 21.00 -62.00  -2.00
 14.00 -62.00  -2.00
  7.00 -62.00  -2.00
 -7.00 -62.00  -2.00
-14.00 -62.00  -2.00
-21.00 -62.00  -2.00
-43.00 -62.00  -2.00
-50.00 -62.00  -2.00
-57.00 -62.00  -2.00
-65.00 -62.00  -2.00
 57.00 -69.00  -2.00
 50.00 -69.00  -2.00
 43.00 -69.00  -2.00
 28.00 -69.00  -2.00
 21.00 -69.00  -2.00
 14.00 -69.00  -2.00
  7.00 -69.00  -2.00
 -7.00 -69.00  -2.00
-14.00 -69.00  -2.00
-21.00 -69.00  -2.00
-28.00 -69.00  -2.00
-43.00 -69.00  -2.00
-50.00 -69.00  -2.00
-57.00 -69.00  -2.00
 50.00 -76.00  -2.00
 43.00 -76.00  -2.00
 21.00 -76.00  -2.00
 14.00 -76.00  -2.00
  7.00 -76.00  -2.00
 -7.00 -76.00  -2.00
-14.00 -76.00  -2.00
-21.00 -76.00  -2.00
-43.00 -76.00  -2.00
-50.00 -76.00  -2.00
 50.00 -84.00  -2.00
 43.00 -84.00  -2.00
 36.00 -84.00  -2.00
 14.00 -84.00  -2.00
  7.00 -84.00  -2.00
 -7.00 -84.00  -2.00
-14.00 -84.00  -2.00
-36.00 -84.00  -2.00
-43.00 -84.00  -2.00
-50.00 -84.00  -2.00
 43.00 -91.00  -2.00
 36.00 -91.00  -2.00
 28.00 -91.00  -2.00
 21.00 -91.00  -2.00
 14.00 -91.00  -2.00
  7.00 -91.00  -2.00
 -7.00 -91.00  -2.00
-14.00 -91.00  -2.00
-21.00 -91.00  -2.00
-28.00 -91.00  -2.00
-36.00 -91.00  -2.00
-43.00 -91.00  -2.00
 36.00 -98.00  -2.00
 28.00 -98.00  -2.00
 21.00 -98.00  -2.00
 14.00 -98.00  -2.00
  7.00 -98.00  -2.00
 -7.00 -98.00  -2.00
-14.00 -98.00  -2.00
-21.00 -98.00  -2.00
-28.00 -98.00  -2.00
-36.00 -98.00  -2.00
 21.00 -105.00  -2.00
 14.00 -105.00  -2.00
  7.00 -105.00  -2.00
 -7.00 -105.00  -2.00
-14.00 -105.00  -2.00
-21.00 -105.00  -2.00
 28.00  68.00   5.00
 21.00  68.00   5.00
 14.00  68.00   5.00
  7.00  68.00   5.00
 -7.00  68.00   5.00
-14.00  68.00   5.00
-21.00  68.00   5.00
-28.00  68.00   5.00
 43.00  61.00   5.00
 36.00  61.00   5.00
 28.00  61.00   5.00
 21.00  61.00   5.00
  7.00  61.00   5.00
 -7.00  61.00   5.00
-21.00  61.00   5.00
-28.00  61.00   5.00
-36.00  61.00   5.00
-43.00  61.00   5.00
 43.00  54.00   5.00
 36.00  54.00   5.00
 28.00  54.00   5.00
 21.00  54.00   5.00
 14.00  54.00   5.00
  7.00  54.00   5.00
 -7.00  54.00   5.00
-14.00  54.00   5.00
-21.00  54.00   5.00
-28.00  54.00   5.00
-36.00  54.00   5.00
-43.00  54.00   5.00
 50.00  46.00   5.00
 43.00  46.00   5.00
 14.00  46.00   5.00
  7.00  46.00   5.00
 -7.00  46.00   5.00
-14.00  46.00   5.00
-43.00  46.00   5.00
-50.00  46.00   5.00
 57.00  39.00   5.00
 50.00  39.00   5.00
 43.00  39.00   5.00
  7.00  39.00   5.00
 -7.00  39.00   5.00
-43.00  39.00   5.00
-50.00  39.00   5.00
-57.00  39.00   5.00
 57.00  32.00   5.00
 50.00  32.00   5.00
 43.00  32.00   5.00
-43.00  32.00   5.00
-50.00  32.00   5.00
-57.00  32.00   5.00
 57.00  25.00   5.00
 50.00  25.00   5.00
 43.00  25.00   5.00
 36.00  25.00   5.00
 28.00  25.00   5.00
-28.00  25.00   5.00
-36.00  25.00   5.00
-43.00  25.00   5.00
-50.00  25.00   5.00
-57.00  25.00   5.00
 57.00  17.00   5.00
 50.00  17.00   5.00
 43.00  17.00   5.00
 36.00  17.00   5.00
 14.00  17.00   5.00
  7.00  17.00   5.00
 -7.00  17.00   5.00
-14.00  17.00   5.00
-36.00  17.00   5.00
-43.00  17.00   5.00
-50.00  17.00   5.00
-57.00  17.00   5.00
 57.00  10.00   5.00
 50.00  10.00   5.00
 43.00  10.00   5.00
 36.00  10.00   5.00
 28.00  10.00   5.00
 21.00  10.00   5.00
 14.00  10.00   5.00
  7.00  10.00   5.00
 -7.00  10.00   5.00
-14.00  10.00   5.00
-21.00  10.00   5.00
-28.00  10.00   5.00
-36.00  10.00   5.00
-43.00  10.00   5.00
-50.00  10.00   5.00
-57.00  10.00   5.00
 65.00   3.00   5.00
 57.00   3.00   5.00
 50.00   3.00   5.00
 43.00   3.00   5.00
 36.00   3.00   5.00
 28.00   3.00   5.00
 21.00   3.00   5.00
-21.00   3.00   5.00
-28.00   3.00   5.00
-36.00   3.00   5.00
-43.00   3.00   5.00
-50.00   3.00   5.00
-57.00   3.00   5.00
-65.00   3.00   5.00
 65.00  -4.00   5.00
 57.00  -4.00   5.00
 50.00  -4.00   5.00
 43.00  -4.00   5.00
 36.00  -4.00   5.00
 28.00  -4.00   5.00
 14.00  -4.00   5.00
  7.00  -4.00   5.00
  0.00  -4.00   5.00
 -7.00  -4.00   5.00
-14.00  -4.00   5.00
-28.00  -4.00   5.00
-36.00  -4.00   5.00
-43.00  -4.00   5.00
-50.00  -4.00   5.00
-57.00  -4.00   5.00
-65.00  -4.00   5.00
 65.00 -11.00   5.00
 57.00 -11.00   5.00
 50.00 -11.00   5.00
 43.00 -11.00   5.00
 36.00 -11.00   5.00
 28.00 -11.00   5.00
 14.00 -11.00   5.00
  7.00 -11.00   5.00
  0.00 -11.00   5.00
 -7.00 -11.00   5.00
-14.00 -11.00   5.00
-28.00 -11.00   5.00
-36.00 -11.00   5.00
-43.00 -11.00   5.00
-50.00 -11.00   5.00
-57.00 -11.00   5.00
-65.00 -11.00   5.00
 72.00 -19.00   5.00
 65.00 -19.00   5.00
 57.00 -19.00   5.00
 50.00 -19.00   5.00
 43.00 -19.00   5.00
 36.00 -19.00   5.00
 28.00 -19.00   5.00
 14.00 -19.00   5.00
  7.00 -19.00   5.00
  0.00 -19.00   5.00
 -7.00 -19.00   5.00
-14.00 -19.00   5.00
-28.00 -19.00   5.00
-36.00 -19.00   5.00
-43.00 -19.00   5.00
-50.00 -19.00   5.00
-57.00 -19.00   5.00
-65.00 -19.00   5.00
-72.00 -19.00   5.00
 72.00 -26.00   5.00
 65.00 -26.00   5.00
 57.00 -26.00   5.00
 50.00 -26.00   5.00
 36.00 -26.00   5.00
 14.00 -26.00   5.00
  7.00 -26.00   5.00
 -7.00 -26.00   5.00
-14.00 -26.00   5.00
-36.00 -26.00   5.00
-50.00 -26.00   5.00
-57.00 -26.00   5.00
-65.00 -26.00   5.00
-72.00 -26.00   5.00
 72.00 -33.00   5.00
 65.00 -33.00   5.00
 57.00 -33.00   5.00
 50.00 -33.00   5.00
 43.00 -33.00   5.00
 14.00 -33.00   5.00
  7.00 -33.00   5.00
 -7.00 -33.00   5.00
-14.00 -33.00   5.00
-43.00 -33.00   5.00
-50.00 -33.00   5.00
-57.00 -33.00   5.00
-65.00 -33.00   5.00
-72.00 -33.00   5.00
 65.00 -40.00   5.00
 57.00 -40.00   5.00
 50.00 -40.00   5.00
 21.00 -40.00   5.00
  7.00 -40.00   5.00
 -7.00 -40.00   5.00
-21.00 -40.00   5.00
-50.00 -40.00   5.00
-57.00 -40.00   5.00
-65.00 -40.00   5.00
 65.00 -48.00   5.00
 57.00 -48.00   5.00
 50.00 -48.00   5.00
 21.00 -48.00   5.00
 14.00 -48.00   5.00
  7.00 -48.00   5.00
 -7.00 -48.00   5.00
-14.00 -48.00   5.00
-21.00 -48.00   5.00
-50.00 -48.00   5.00
-57.00 -48.00   5.00
-65.00 -48.00   5.00
 65.00 -55.00   5.00
 57.00 -55.00   5.00
 50.00 -55.00   5.00
 43.00 -55.00   5.00
 28.00 -55.00   5.00
 21.00 -55.00   5.00
 14.00 -55.00   5.00
  7.00 -55.00   5.00
 -7.00 -55.00   5.00
-14.00 -55.00   5.00
-21.00 -55.00   5.00
-28.00 -55.00   5.00
-43.00 -55.00   5.00
-50.00 -55.00   5.00
-57.00 -55.00   5.00
-65.00 -55.00   5.00
 57.00 -62.00   5.00
 50.00 -62.00   5.00
 43.00 -62.00   5.00
 28.00 -62.00   5.00
 21.00 -62.00   5.00
 14.00 -62.00   5.00
  7.00 -62.00   5.00
 -7.00 -62.00   5.00
-14.00 -62.00   5.00
-21.00 -62.00   5.00
-28.00 -62.00   5.00
-43.00 -62.00   5.00
-50.00 -62.00   5.00
-57.00 -62.00   5.00
 57.00 -69.00   5.00
 50.00 -69.00   5.00
 43.00 -69.00   5.00
 28.00 -69.00   5.00
 21.00 -69.00   5.00
 14.00 -69.00   5.00
  7.00 -69.00   5.00
 -7.00 -69.00   5.00
-14.00 -69.00   5.00
-21.00 -69.00   5.00
-28.00 -69.00   5.00
-43.00 -69.00   5.00
-50.00 -69.00   5.00
-57.00 -69.00   5.00
 50.00 -76.00   5.00
 43.00 -76.00   5.00
 36.00 -76.00   5.00
 21.00 -76.00   5.00
 14.00 -76.00   5.00
  7.00 -76.00   5.00
 -7.00 -76.00   5.00
-14.00 -76.00   5.00
-21.00 -76.00   5.00
-36.00 -76.00   5.00
-43.00 -76.00   5.00
-50.00 -76.00   5.00
 50.00 -84.00   5.00
 43.00 -84.00   5.00
 36.00 -84.00   5.00
 28.00 -84.00   5.00
 14.00 -84.00   5.00
  7.00 -84.00   5.00
 -7.00 -84.00   5.00
-14.00 -84.00   5.00
-28.00 -84.00   5.00
-36.00 -84.00   5.00
-43.00 -84.00   5.00
-50.00 -84.00   5.00
 43.00 -91.00   5.00
 36.00 -91.00   5.00
 28.00 -91.00   5.00
 21.00 -91.00   5.00
 14.00 -91.00   5.00
  7.00 -91.00   5.00
 -7.00 -91.00   5.00
-14.00 -91.00   5.00
-21.00 -91.00   5.00
-28.00 -91.00   5.00
-36.00 -91.00   5.00
-43.00 -91.00   5.00
 28.00 -98.00   5.00
 21.00 -98.00   5.00
 14.00 -98.00   5.00
  7.00 -98.00   5.00
 -7.00 -98.00   5.00
-14.00 -98.00   5.00
-21.00 -98.00   5.00
-28.00 -98.00   5.00
 21.00 -105.00   5.00
 14.00 -105.00   5.00
  7.00 -105.00   5.00
 -7.00 -105.00   5.00
-14.00 -105.00   5.00
-21.00 -105.00   5.00
 28.00  68.00  12.00
 21.00  68.00  12.00
 14.00  68.00  12.00
  7.00  68.00  12.00
 -7.00  68.00  12.00
-14.00  68.00  12.00
-21.00  68.00  12.00
-28.00  68.00  12.00
 36.00  61.00  12.00
 28.00  61.00  12.00
 21.00  61.00  12.00
 14.00  61.00  12.00
  7.00  61.00  12.00
 -7.00  61.00  12.00
-14.00  61.00  12.00
-21.00  61.00  12.00
-28.00  61.00  12.00
-36.00  61.00  12.00
 43.00  54.00  12.00
 36.00  54.00  12.00
 28.00  54.00  12.00
 21.00  54.00  12.00
 14.00  54.00  12.00
  7.00  54.00  12.00
 -7.00  54.00  12.00
-14.00  54.00  12.00
-21.00  54.00  12.00
-28.00  54.00  12.00
-36.00  54.00  12.00
-43.00  54.00  12.00
 50.00  46.00  12.00
 43.00  46.00  12.00
 36.00  46.00  12.00
 28.00  46.00  12.00
 14.00  46.00  12.00
  7.00  46.00  12.00
 -7.00  46.00  12.00
-14.00  46.00  12.00
-28.00  46.00  12.00
-36.00  46.00  12.00
-43.00  46.00  12.00
-50.00  46.00  12.00
 57.00  39.00  12.00
 50.00  39.00  12.00
 43.00  39.00  12.00
 14.00  39.00  12.00
  7.00  39.00  12.00
 -7.00  39.00  12.00
-14.00  39.00  12.00
-43.00  39.00  12.00
-50.00  39.00  12.00
-57.00  39.00  12.00
 57.00  32.00  12.00
 50.00  32.00  12.00
  7.00  32.00  12.00
 -7.00  32.00  12.00
-50.00  32.00  12.00
-57.00  32.00  12.00
 57.00  25.00  12.00
 36.00  25.00  12.00
-36.00  25.00  12.00
-57.00  25.00  12.00
 57.00  17.00  12.00
 50.00  17.00  12.00
 36.00  17.00  12.00
 28.00  17.00  12.00
 14.00  17.00  12.00
-14.00  17.00  12.00
-28.00  17.00  12.00
-36.00  17.00  12.00
-50.00  17.00  12.00
-57.00  17.00  12.00
 65.00  10.00  12.00
 57.00  10.00  12.00
 50.00  10.00  12.00
 36.00  10.00  12.00
 14.00  10.00  12.00
  7.00  10.00  12.00
 -7.00  10.00  12.00
-14.00  10.00  12.00
-36.00  10.00  12.00
-50.00  10.00  12.00
-57.00  10.00  12.00
-65.00  10.00  12.00
 65.00   3.00  12.00
 57.00   3.00  12.00
 43.00   3.00  12.00
 36.00   3.00  12.00
 14.00   3.00  12.00
-14.00   3.00  12.00
-36.00   3.00  12.00
-43.00   3.00  12.00
-57.00   3.00  12.00
-65.00   3.00  12.00
 65.00  -4.00  12.00
 57.00  -4.00  12.00
 50.00  -4.00  12.00
 43.00  -4.00  12.00
 36.00  -4.00  12.00
 28.00  -4.00  12.00
 14.00  -4.00  12.00
  7.00  -4.00  12.00
 -7.00  -4.00  12.00
-14.00  -4.00  12.00
-28.00  -4.00  12.00
-36.00  -4.00  12.00
-43.00  -4.00  12.00
-50.00  -4.00  12.00
-57.00  -4.00  12.00
-65.00  -4.00  12.00
 65.00 -11.00  12.00
 57.00 -11.00  12.00
 50.00 -11.00  12.00
 43.00 -11.00  12.00
 36.00 -11.00  12.00
 14.00 -11.00  12.00
  7.00 -11.00  12.00
  0.00 -11.00  12.00
 -7.00 -11.00  12.00
-14.00 -11.00  12.00
-36.00 -11.00  12.00
-43.00 -11.00  12.00
-50.00 -11.00  12.00
-57.00 -11.00  12.00
-65.00 -11.00  12.00
 65.00 -19.00  12.00
 57.00 -19.00  12.00
 50.00 -19.00  12.00
 43.00 -19.00  12.00
 36.00 -19.00  12.00
 14.00 -19.00  12.00
  7.00 -19.00  12.00
 -7.00 -19.00  12.00
-14.00 -19.00  12.00
-36.00 -19.00  12.00
-43.00 -19.00  12.00
-50.00 -19.00  12.00
-57.00 -19.00  12.00
-65.00 -19.00  12.00
 72.00 -26.00  12.00
 65.00 -26.00  12.00
 57.00 -26.00  12.00
 50.00 -26.00  12.00
 43.00 -26.00  12.00
 36.00 -26.00  12.00
 21.00 -26.00  12.00
 14.00 -26.00  12.00
  7.00 -26.00  12.00
 -7.00 -26.00  12.00
-14.00 -26.00  12.00
-21.00 -26.00  12.00
-36.00 -26.00  12.00
-43.00 -26.00  12.00
-50.00 -26.00  12.00
-57.00 -26.00  12.00
-65.00 -26.00  12.00
-72.00 -26.00  12.00
 72.00 -33.00  12.00
 65.00 -33.00  12.00
 57.00 -33.00  12.00
 50.00 -33.00  12.00
 43.00 -33.00  12.00
 36.00 -33.00  12.00
 14.00 -33.00  12.00
-14.00 -33.00  12.00
-36.00 -33.00  12.00
-43.00 -33.00  12.00
-50.00 -33.00  12.00
-57.00 -33.00  12.00
-65.00 -33.00  12.00
-72.00 -33.00  12.00
 72.00 -40.00  12.00
 65.00 -40.00  12.00
 57.00 -40.00  12.00
 50.00 -40.00  12.00
 43.00 -40.00  12.00
-43.00 -40.00  12.00
-50.00 -40.00  12.00
-57.00 -40.00  12.00
-65.00 -40.00  12.00
-72.00 -40.00  12.00
 65.00 -48.00  12.00
 57.00 -48.00  12.00
 50.00 -48.00  12.00
  7.00 -48.00  12.00
 -7.00 -48.00  12.00
-50.00 -48.00  12.00
-57.00 -48.00  12.00
-65.00 -48.00  12.00
 65.00 -55.00  12.00
 57.00 -55.00  12.00
 50.00 -55.00  12.00
 43.00 -55.00  12.00
 21.00 -55.00  12.00
 14.00 -55.00  12.00
  7.00 -55.00  12.00
 -7.00 -55.00  12.00
-14.00 -55.00  12.00
-21.00 -55.00  12.00
-43.00 -55.00  12.00
-50.00 -55.00  12.00
-57.00 -55.00  12.00
-65.00 -55.00  12.00
 57.00 -62.00  12.00
 50.00 -62.00  12.00
 43.00 -62.00  12.00
 21.00 -62.00  12.00
 14.00 -62.00  12.00
  7.00 -62.00  12.00
 -7.00 -62.00  12.00
-14.00 -62.00  12.00
-21.00 -62.00  12.00
-43.00 -62.00  12.00
-50.00 -62.00  12.00
-57.00 -62.00  12.00
 57.00 -69.00  12.00
 50.00 -69.00  12.00
 43.00 -69.00  12.00
 21.00 -69.00  12.00
 14.00 -69.00  12.00
  7.00 -69.00  12.00
 -7.00 -69.00  12.00
-14.00 -69.00  12.00
-21.00 -69.00  12.00
-43.00 -69.00  12.00
-50.00 -69.00  12.00
-57.00 -69.00  12.00
 50.00 -76.00  12.00
 43.00 -76.00  12.00
 36.00 -76.00  12.00
 21.00 -76.00  12.00
 14.00 -76.00  12.00
  7.00 -76.00  12.00
 -7.00 -76.00  12.00
-14.00 -76.00  12.00
-21.00 -76.00  12.00
-36.00 -76.00  12.00
-43.00 -76.00  12.00
-50.00 -76.00  12.00
 50.00 -84.00  12.00
 43.00 -84.00  12.00
 36.00 -84.00  12.00
 28.00 -84.00  12.00
 14.00 -84.00  12.00
  7.00 -84.00  12.00
 -7.00 -84.00  12.00
-14.00 -84.00  12.00
-28.00 -84.00  12.00
-36.00 -84.00  12.00
-43.00 -84.00  12.00
-50.00 -84.00  12.00
 36.00 -91.00  12.00
 28.00 -91.00  12.00
 21.00 -91.00  12.00
 14.00 -91.00  12.00
  7.00 -91.00  12.00
 -7.00 -91.00  12.00
-14.00 -91.00  12.00
-21.00 -91.00  12.00
-28.00 -91.00  12.00
-36.00 -91.00  12.00
 28.00 -98.00  12.00
 21.00 -98.00  12.00
 14.00 -98.00  12.00
  7.00 -98.00  12.00
 -7.00 -98.00  12.00
-14.00 -98.00  12.00
-21.00 -98.00  12.00
-28.00 -98.00  12.00
 14.00 -105.00  12.00
-14.00 -105.00  12.00
 21.00  68.00  19.00
 14.00  68.00  19.00
  7.00  68.00  19.00
 -7.00  68.00  19.00
-14.00  68.00  19.00
-21.00  68.00  19.00
 36.00  61.00  19.00
 28.00  61.00  19.00
 21.00  61.00  19.00
 14.00  61.00  19.00
  7.00  61.00  19.00
 -7.00  61.00  19.00
-14.00  61.00  19.00
-21.00  61.00  19.00
-28.00  61.00  19.00
-36.00  61.00  19.00
 43.00  54.00  19.00
 36.00  54.00  19.00
 28.00  54.00  19.00
 21.00  54.00  19.00
  7.00  54.00  19.00
 -7.00  54.00  19.00
-21.00  54.00  19.00
-28.00  54.00  19.00
-36.00  54.00  19.00
-43.00  54.00  19.00
 50.00  46.00  19.00
 43.00  46.00  19.00
 36.00  46.00  19.00
 28.00  46.00  19.00
 14.00  46.00  19.00
  7.00  46.00  19.00
 -7.00  46.00  19.00
-14.00  46.00  19.00
-28.00  46.00  19.00
-36.00  46.00  19.00
-43.00  46.00  19.00
-50.00  46.00  19.00
 50.00  39.00  19.00
 43.00  39.00  19.00
 28.00  39.00  19.00
 14.00  39.00  19.00
  7.00  39.00  19.00
 -7.00  39.00  19.00
-14.00  39.00  19.00
-28.00  39.00  19.00
-43.00  39.00  19.00
-50.00  39.00  19.00
 57.00  32.00  19.00
 50.00  32.00  19.00
 43.00  32.00  19.00
 36.00  32.00  19.00
  7.00  32.00  19.00
 -7.00  32.00  19.00
-36.00  32.00  19.00
-43.00  32.00  19.00
-50.00  32.00  19.00
-57.00  32.00  19.00
 57.00  25.00  19.00
 50.00  25.00  19.00
 43.00  25.00  19.00
  7.00  25.00  19.00
 -7.00  25.00  19.00
-43.00  25.00  19.00
-50.00  25.00  19.00
-57.00  25.00  19.00
 57.00  17.00  19.00
 50.00  17.00  19.00
-50.00  17.00  19.00
-57.00  17.00  19.00
 65.00  10.00  19.00
 57.00  10.00  19.00
 50.00  10.00  19.00
 43.00  10.00  19.00
 14.00  10.00  19.00
-14.00  10.00  19.00
-43.00  10.00  19.00
-50.00  10.00  19.00
-57.00  10.00  19.00
-65.00  10.00  19.00
 65.00   3.00  19.00
 50.00   3.00  19.00
 14.00   3.00  19.00
-14.00   3.00  19.00
-50.00   3.00  19.00
-65.00   3.00  19.00
 65.00  -4.00  19.00
 57.00  -4.00  19.00
 43.00  -4.00  19.00
 36.00  -4.00  19.00
 14.00  -4.00  19.00
-14.00  -4.00  19.00
-36.00  -4.00  19.00
-43.00  -4.00  19.00
-57.00  -4.00  19.00
-65.00  -4.00  19.00
 65.00 -11.00  19.00
 57.00 -11.00  19.00
 43.00 -11.00  19.00
 36.00 -11.00  19.00
 14.00 -11.00  19.00
-14.00 -11.00  19.00
-36.00 -11.00  19.00
-43.00 -11.00  19.00
-57.00 -11.00  19.00
-65.00 -11.00  19.00
 65.00 -19.00  19.00
 57.00 -19.00  19.00
 50.00 -19.00  19.00
 43.00 -19.00  19.00
 36.00 -19.00  19.00
 14.00 -19.00  19.00
-14.00 -19.00  19.00
-36.00 -19.00  19.00
-43.00 -19.00  19.00
-50.00 -19.00  19.00
-57.00 -19.00  19.00
-65.00 -19.00  19.00
 65.00 -26.00  19.00
 57.00 -26.00  19.00
 50.00 -26.00  19.00
 43.00 -26.00  19.00
 36.00 -26.00  19.00
-36.00 -26.00  19.00
-43.00 -26.00  19.00
-50.00 -26.00  19.00
-57.00 -26.00  19.00
-65.00 -26.00  19.00
 65.00 -33.00  19.00
 57.00 -33.00  19.00
 50.00 -33.00  19.00
 43.00 -33.00  19.00
 36.00 -33.00  19.00
-36.00 -33.00  19.00
-43.00 -33.00  19.00
-50.00 -33.00  19.00
-57.00 -33.00  19.00
-65.00 -33.00  19.00
 65.00 -40.00  19.00
 57.00 -40.00  19.00
 50.00 -40.00  19.00
 43.00 -40.00  19.00
-43.00 -40.00  19.00
-50.00 -40.00  19.00
-57.00 -40.00  19.00
-65.00 -40.00  19.00
 65.00 -48.00  19.00
 57.00 -48.00  19.00
 50.00 -48.00  19.00
  7.00 -48.00  19.00
 -7.00 -48.00  19.00
-50.00 -48.00  19.00
-57.00 -48.00  19.00
-65.00 -48.00  19.00
 65.00 -55.00  19.00
 57.00 -55.00  19.00
 50.00 -55.00  19.00
 21.00 -55.00  19.00
 14.00 -55.00  19.00
  7.00 -55.00  19.00
 -7.00 -55.00  19.00
-14.00 -55.00  19.00
-21.00 -55.00  19.00
-50.00 -55.00  19.00
-57.00 -55.00  19.00
-65.00 -55.00  19.00
 57.00 -62.00  19.00
 50.00 -62.00  19.00
 43.00 -62.00  19.00
 21.00 -62.00  19.00
 14.00 -62.00  19.00
  7.00 -62.00  19.00
 -7.00 -62.00  19.00
-14.00 -62.00  19.00
-21.00 -62.00  19.00
-43.00 -62.00  19.00
-50.00 -62.00  19.00
-57.00 -62.00  19.00
 57.00 -69.00  19.00
 50.00 -69.00  19.00
 43.00 -69.00  19.00
 36.00 -69.00  19.00
 14.00 -69.00  19.00
  7.00 -69.00  19.00
 -7.00 -69.00  19.00
-14.00 -69.00  19.00
-36.00 -69.00  19.00
-43.00 -69.00  19.00
-50.00 -69.00  19.00
-57.00 -69.00  19.00
 50.00 -76.00  19.00
 43.00 -76.00  19.00
 36.00 -76.00  19.00
 14.00 -76.00  19.00
  7.00 -76.00  19.00
 -7.00 -76.00  19.00
-14.00 -76.00  19.00
-36.00 -76.00  19.00
-43.00 -76.00  19.00
-50.00 -76.00  19.00
 43.00 -84.00  19.00
 36.00 -84.00  19.00
 28.00 -84.00  19.00
 21.00 -84.00  19.00
  7.00 -84.00  19.00
 -7.00 -84.00  19.00
-21.00 -84.00  19.00
-28.00 -84.00  19.00
-36.00 -84.00  19.00
-43.00 -84.00  19.00
 36.00 -91.00  19.00
 28.00 -91.00  19.00
 21.00 -91.00  19.00
 14.00 -91.00  19.00
  7.00 -91.00  19.00
 -7.00 -91.00  19.00
-14.00 -91.00  19.00
-21.00 -91.00  19.00
-28.00 -91.00  19.00
-36.00 -91.00  19.00
 28.00 -98.00  19.00
 21.00 -98.00  19.00
 14.00 -98.00  19.00
  7.00 -98.00  19.00
 -7.00 -98.00  19.00
-14.00 -98.00  19.00
-21.00 -98.00  19.00
-28.00 -98.00  19.00
 14.00  68.00  27.00
-14.00  68.00  27.00
 28.00  61.00  27.00
 21.00  61.00  27.00
 14.00  61.00  27.00
  7.00  61.00  27.00
 -7.00  61.00  27.00
-14.00  61.00  27.00
-21.00  61.00  27.00
-28.00  61.00  27.00
 36.00  54.00  27.00
 28.00  54.00  27.00
 21.00  54.00  27.00
 14.00  54.00  27.00
  7.00  54.00  27.00
 -7.00  54.00  27.00
-14.00  54.00  27.00
-21.00  54.00  27.00
-28.00  54.00  27.00
-36.00  54.00  27.00
 43.00  46.00  27.00
 36.00  46.00  27.00
 28.00  46.00  27.00
  7.00  46.00  27.00
 -7.00  46.00  27.00
-28.00  46.00  27.00
-36.00  46.00  27.00
-43.00  46.00  27.00
 50.00  39.00  27.00
 43.00  39.00  27.00
 36.00  39.00  27.00
 28.00  39.00  27.00
 14.00  39.00  27.00
  7.00  39.00  27.00
 -7.00  39.00  27.00
-14.00  39.00  27.00
-28.00  39.00  27.00
-36.00  39.00  27.00
-43.00  39.00  27.00
-50.00  39.00  27.00
 57.00  32.00  27.00
 50.00  32.00  27.00
 43.00  32.00  27.00
 36.00  32.00  27.00
 28.00  32.00  27.00
  7.00  32.00  27.00
 -7.00  32.00  27.00
-28.00  32.00  27.00
-36.00  32.00  27.00
-43.00  32.00  27.00
-50.00  32.00  27.00
-57.00  32.00  27.00
 57.00  25.00  27.00
 50.00  25.00  27.00
 43.00  25.00  27.00
 14.00  25.00  27.00
  7.00  25.00  27.00
 -7.00  25.00  27.00
-14.00  25.00  27.00
-43.00  25.00  27.00
-50.00  25.00  27.00
-57.00  25.00  27.00
 57.00  17.00  27.00
 50.00  17.00  27.00
 43.00  17.00  27.00
 36.00  17.00  27.00
  7.00  17.00  27.00
 -7.00  17.00  27.00
-36.00  17.00  27.00
-43.00  17.00  27.00
-50.00  17.00  27.00
-57.00  17.00  27.00
 65.00  10.00  27.00
 57.00  10.00  27.00
 50.00  10.00  27.00
 43.00  10.00  27.00
 36.00  10.00  27.00
  7.00  10.00  27.00
 -7.00  10.00  27.00
-36.00  10.00  27.00
-43.00  10.00  27.00
-50.00  10.00  27.00
-57.00  10.00  27.00
-65.00  10.00  27.00
 65.00   3.00  27.00
 57.00   3.00  27.00
 50.00   3.00  27.00
 43.00   3.00  27.00
 36.00   3.00  27.00
-36.00   3.00  27.00
-43.00   3.00  27.00
-50.00   3.00  27.00
-57.00   3.00  27.00
-65.00   3.00  27.00
 65.00  -4.00  27.00
 57.00  -4.00  27.00
 50.00  -4.00  27.00
-50.00  -4.00  27.00
-57.00  -4.00  27.00
-65.00  -4.00  27.00
 65.00 -11.00  27.00
 57.00 -11.00  27.00
 50.00 -11.00  27.00
  7.00 -11.00  27.00
 -7.00 -11.00  27.00
-50.00 -11.00  27.00
-57.00 -11.00  27.00
-65.00 -11.00  27.00
 65.00 -19.00  27.00
 57.00 -19.00  27.00
 50.00 -19.00  27.00
  7.00 -19.00  27.00
 -7.00 -19.00  27.00
-50.00 -19.00  27.00
-57.00 -19.00  27.00
-65.00 -19.00  27.00
 65.00 -26.00  27.00
 57.00 -26.00  27.00
 50.00 -26.00  27.00
  7.00 -26.00  27.00
 -7.00 -26.00  27.00
-50.00 -26.00  27.00
-57.00 -26.00  27.00
-65.00 -26.00  27.00
 65.00 -33.00  27.00
 57.00 -33.00  27.00
 50.00 -33.00  27.00
  7.00 -33.00  27.00
 -7.00 -33.00  27.00
-50.00 -33.00  27.00
-57.00 -33.00  27.00
-65.00 -33.00  27.00
 65.00 -40.00  27.00
 57.00 -40.00  27.00
 50.00 -40.00  27.00
  7.00 -40.00  27.00
 -7.00 -40.00  27.00
-50.00 -40.00  27.00
-57.00 -40.00  27.00
-65.00 -40.00  27.00
 65.00 -48.00  27.00
 57.00 -48.00  27.00
 50.00 -48.00  27.00
  7.00 -48.00  27.00
 -7.00 -48.00  27.00
-50.00 -48.00  27.00
-57.00 -48.00  27.00
-65.00 -48.00  27.00
 65.00 -55.00  27.00
 57.00 -55.00  27.00
 50.00 -55.00  27.00
 14.00 -55.00  27.00
  7.00 -55.00  27.00
 -7.00 -55.00  27.00
-14.00 -55.00  27.00
-50.00 -55.00  27.00
-57.00 -55.00  27.00
-65.00 -55.00  27.00
 57.00 -62.00  27.00
 50.00 -62.00  27.00
 43.00 -62.00  27.00
 36.00 -62.00  27.00
 28.00 -62.00  27.00
 21.00 -62.00  27.00
 14.00 -62.00  27.00
  7.00 -62.00  27.00
 -7.00 -62.00  27.00
-14.00 -62.00  27.00
-21.00 -62.00  27.00
-28.00 -62.00  27.00
-36.00 -62.00  27.00
-43.00 -62.00  27.00
-50.00 -62.00  27.00
-57.00 -62.00  27.00
 57.00 -69.00  27.00
 50.00 -69.00  27.00
 43.00 -69.00  27.00
 36.00 -69.00  27.00
 28.00 -69.00  27.00
 21.00 -69.00  27.00
 14.00 -69.00  27.00
  7.00 -69.00  27.00
 -7.00 -69.00  27.00
-14.00 -69.00  27.00
-21.00 -69.00  27.00
-28.00 -69.00  27.00
-36.00 -69.00  27.00
-43.00 -69.00  27.00
-50.00 -69.00  27.00
-57.00 -69.00  27.00
 50.00 -76.00  27.00
 43.00 -76.00  27.00
 36.00 -76.00  27.00
 28.00 -76.00  27.00
 21.00 -76.00  27.00
 14.00 -76.00  27.00
  7.00 -76.00  27.00
 -7.00 -76.00  27.00
-14.00 -76.00  27.00
-21.00 -76.00  27.00
-28.00 -76.00  27.00
-36.00 -76.00  27.00
-43.00 -76.00  27.00
-50.00 -76.00  27.00
 43.00 -84.00  27.00
 36.00 -84.00  27.00
 28.00 -84.00  27.00
 21.00 -84.00  27.00
 14.00 -84.00  27.00
  7.00 -84.00  27.00
 -7.00 -84.00  27.00
-14.00 -84.00  27.00
-21.00 -84.00  27.00
-28.00 -84.00  27.00
-36.00 -84.00  27.00
-43.00 -84.00  27.00
 28.00 -91.00  27.00
 21.00 -91.00  27.00
 14.00 -91.00  27.00
  7.00 -91.00  27.00
 -7.00 -91.00  27.00
-14.00 -91.00  27.00
-21.00 -91.00  27.00
-28.00 -91.00  27.00
 21.00 -98.00  27.00
 14.00 -98.00  27.00
  7.00 -98.00  27.00
 -7.00 -98.00  27.00
-14.00 -98.00  27.00
-21.00 -98.00  27.00
 21.00  61.00  34.00
 14.00  61.00  34.00
  7.00  61.00  34.00
 -7.00  61.00  34.00
-14.00  61.00  34.00
-21.00  61.00  34.00
 28.00  54.00  34.00
 21.00  54.00  34.00
 14.00  54.00  34.00
  7.00  54.00  34.00
 -7.00  54.00  34.00
-14.00  54.00  34.00
-21.00  54.00  34.00
-28.00  54.00  34.00
 36.00  46.00  34.00
 28.00  46.00  34.00
 21.00  46.00  34.00
 14.00  46.00  34.00
  7.00  46.00  34.00
 -7.00  46.00  34.00
-14.00  46.00  34.00
-21.00  46.00  34.00
-28.00  46.00  34.00
-36.00  46.00  34.00
 43.00  39.00  34.00
 36.00  39.00  34.00
 28.00  39.00  34.00
 21.00  39.00  34.00
 14.00  39.00  34.00
  7.00  39.00  34.00
 -7.00  39.00  34.00
-14.00  39.00  34.00
-21.00  39.00  34.00
-28.00  39.00  34.00
-36.00  39.00  34.00
-43.00  39.00  34.00
 43.00  32.00  34.00
 36.00  32.00  34.00
 28.00  32.00  34.00
  7.00  32.00  34.00
 -7.00  32.00  34.00
-28.00  32.00  34.00
-36.00  32.00  34.00
-43.00  32.00  34.00
 50.00  25.00  34.00
 43.00  25.00  34.00
 36.00  25.00  34.00
 14.00  25.00  34.00
  7.00  25.00  34.00
 -7.00  25.00  34.00
-14.00  25.00  34.00
-36.00  25.00  34.00
-43.00  25.00  34.00
-50.00  25.00  34.00
 57.00  17.00  34.00
 50.00  17.00  34.00
 43.00  17.00  34.00
 36.00  17.00  34.00
 14.00  17.00  34.00
  7.00  17.00  34.00
 -7.00  17.00  34.00
-14.00  17.00  34.00
-36.00  17.00  34.00
-43.00  17.00  34.00
-50.00  17.00  34.00
-57.00  17.00  34.00
 57.00  10.00  34.00
 50.00  10.00  34.00
 43.00  10.00  34.00
 14.00  10.00  34.00
  7.00  10.00  34.00
 -7.00  10.00  34.00
-14.00  10.00  34.00
-43.00  10.00  34.00
-50.00  10.00  34.00
-57.00  10.00  34.00
 65.00   3.00  34.00
 57.00   3.00  34.00
 50.00   3.00  34.00
 43.00   3.00  34.00
 36.00   3.00  34.00
  7.00   3.00  34.00
 -7.00   3.00  34.00
-36.00   3.00  34.00
-43.00   3.00  34.00
-50.00   3.00  34.00
-57.00   3.00  34.00
-65.00   3.00  34.00
 65.00  -4.00  34.00
 57.00  -4.00  34.00
 50.00  -4.00  34.00
 43.00  -4.00  34.00
-43.00  -4.00  34.00
-50.00  -4.00  34.00
-57.00  -4.00  34.00
-65.00  -4.00  34.00
 65.00 -11.00  34.00
 57.00 -11.00  34.00
 50.00 -11.00  34.00
 43.00 -11.00  34.00
-43.00 -11.00  34.00
-50.00 -11.00  34.00
-57.00 -11.00  34.00
-65.00 -11.00  34.00
 65.00 -19.00  34.00
 57.00 -19.00  34.00
 43.00 -19.00  34.00
-43.00 -19.00  34.00
-57.00 -19.00  34.00
-65.00 -19.00  34.00
 65.00 -26.00  34.00
 57.00 -26.00  34.00
 50.00 -26.00  34.00
 14.00 -26.00  34.00
  7.00 -26.00  34.00
 -7.00 -26.00  34.00
-14.00 -26.00  34.00
-50.00 -26.00  34.00
-57.00 -26.00  34.00
-65.00 -26.00  34.00
 65.00 -33.00  34.00
 57.00 -33.00  34.00
 50.00 -33.00  34.00
 14.00 -33.00  34.00
  7.00 -33.00  34.00
 -7.00 -33.00  34.00
-14.00 -33.00  34.00
-50.00 -33.00  34.00
-57.00 -33.00  34.00
-65.00 -33.00  34.00
 65.00 -40.00  34.00
 57.00 -40.00  34.00
 14.00 -40.00  34.00
  7.00 -40.00  34.00
 -7.00 -40.00  34.00
-14.00 -40.00  34.00
-57.00 -40.00  34.00
-65.00 -40.00  34.00
 65.00 -48.00  34.00
 57.00 -48.00  34.00
 50.00 -48.00  34.00
 36.00 -48.00  34.00
 14.00 -48.00  34.00
  7.00 -48.00  34.00
 -7.00 -48.00  34.00
-14.00 -48.00  34.00
-36.00 -48.00  34.00
-50.00 -48.00  34.00
-57.00 -48.00  34.00
-65.00 -48.00  34.00
 65.00 -55.00  34.00
 57.00 -55.00  34.00
 50.00 -55.00  34.00
 43.00 -55.00  34.00
 36.00 -55.00  34.00
 28.00 -55.00  34.00
 14.00 -55.00  34.00
  7.00 -55.00  34.00
 -7.00 -55.00  34.00
-14.00 -55.00  34.00
-28.00 -55.00  34.00
-36.00 -55.00  34.00
-43.00 -55.00  34.00
-50.00 -55.00  34.00
-57.00 -55.00  34.00
-65.00 -55.00  34.00
 57.00 -62.00  34.00
 50.00 -62.00  34.00
 43.00 -62.00  34.00
 36.00 -62.00  34.00
 28.00 -62.00  34.00
 21.00 -62.00  34.00
 14.00 -62.00  34.00
  7.00 -62.00  34.00
 -7.00 -62.00  34.00
-14.00 -62.00  34.00
-21.00 -62.00  34.00
-28.00 -62.00  34.00
-36.00 -62.00  34.00
-43.00 -62.00  34.00
-50.00 -62.00  34.00
-57.00 -62.00  34.00
 57.00 -69.00  34.00
 50.00 -69.00  34.00
 43.00 -69.00  34.00
 36.00 -69.00  34.00
 28.00 -69.00  34.00
 21.00 -69.00  34.00
 14.00 -69.00  34.00
  7.00 -69.00  34.00
 -7.00 -69.00  34.00
-14.00 -69.00  34.00
-21.00 -69.00  34.00
-28.00 -69.00  34.00
-36.00 -69.00  34.00
-43.00 -69.00  34.00
-50.00 -69.00  34.00
-57.00 -69.00  34.00
 50.00 -76.00  34.00
 43.00 -76.00  34.00
 36.00 -76.00  34.00
 28.00 -76.00  34.00
 21.00 -76.00  34.00
 14.00 -76.00  34.00
  7.00 -76.00  34.00
 -7.00 -76.00  34.00
-14.00 -76.00  34.00
-21.00 -76.00  34.00
-28.00 -76.00  34.00
-36.00 -76.00  34.00
-43.00 -76.00  34.00
-50.00 -76.00  34.00
 43.00 -84.00  34.00
 36.00 -84.00  34.00
 28.00 -84.00  34.00
 21.00 -84.00  34.00
 14.00 -84.00  34.00
  7.00 -84.00  34.00
 -7.00 -84.00  34.00
-14.00 -84.00  34.00
-21.00 -84.00  34.00
-28.00 -84.00  34.00
-36.00 -84.00  34.00
-43.00 -84.00  34.00
 28.00 -91.00  34.00
 21.00 -91.00  34.00
 14.00 -91.00  34.00
  7.00 -91.00  34.00
 -7.00 -91.00  34.00
-14.00 -91.00  34.00
-21.00 -91.00  34.00
-28.00 -91.00  34.00
 21.00  54.00  41.00
 14.00  54.00  41.00
  7.00  54.00  41.00
 -7.00  54.00  41.00
-14.00  54.00  41.00
-21.00  54.00  41.00
 28.00  46.00  41.00
 21.00  46.00  41.00
 14.00  46.00  41.00
  7.00  46.00  41.00
 -7.00  46.00  41.00
-14.00  46.00  41.00
-21.00  46.00  41.00
-28.00  46.00  41.00
 36.00  39.00  41.00
 28.00  39.00  41.00
 21.00  39.00  41.00
  7.00  39.00  41.00
 -7.00  39.00  41.00
-21.00  39.00  41.00
-28.00  39.00  41.00
-36.00  39.00  41.00
 43.00  32.00  41.00
 36.00  32.00  41.00
 28.00  32.00  41.00
 21.00  32.00  41.00
  7.00  32.00  41.00
 -7.00  32.00  41.00
-21.00  32.00  41.00
-28.00  32.00  41.00
-36.00  32.00  41.00
-43.00  32.00  41.00
 50.00  25.00  41.00
 43.00  25.00  41.00
 36.00  25.00  41.00
 28.00  25.00  41.00
 21.00  25.00  41.00
  7.00  25.00  41.00
 -7.00  25.00  41.00
-21.00  25.00  41.00
-28.00  25.00  41.00
-36.00  25.00  41.00
-43.00  25.00  41.00
-50.00  25.00  41.00
 50.00  17.00  41.00
 43.00  17.00  41.00
 36.00  17.00  41.00
 28.00  17.00  41.00
 14.00  17.00  41.00
  7.00  17.00  41.00
 -7.00  17.00  41.00
-14.00  17.00  41.00
-28.00  17.00  41.00
-36.00  17.00  41.00
-43.00  17.00  41.00
-50.00  17.00  41.00
 57.00  10.00  41.00
 50.00  10.00  41.00
 43.00  10.00  41.00
 14.00  10.00  41.00
  7.00  10.00  41.00
 -7.00  10.00  41.00
-14.00  10.00  41.00
-43.00  10.00  41.00
-50.00  10.00  41.00
-57.00  10.00  41.00
 57.00   3.00  41.00
 50.00   3.00  41.00
 43.00   3.00  41.00
 14.00   3.00  41.00
  7.00   3.00  41.00
 -7.00   3.00  41.00
-14.00   3.00  41.00
-43.00   3.00  41.00
-50.00   3.00  41.00
-57.00   3.00  41.00
 57.00  -4.00  41.00
 50.00  -4.00  41.00
 43.00  -4.00  41.00
 36.00  -4.00  41.00
 14.00  -4.00  41.00
  7.00  -4.00  41.00
 -7.00  -4.00  41.00
-14.00  -4.00  41.00
-36.00  -4.00  41.00
-43.00  -4.00  41.00
-50.00  -4.00  41.00
-57.00  -4.00  41.00
 65.00 -11.00  41.00
 57.00 -11.00  41.00
 14.00 -11.00  41.00
  7.00 -11.00  41.00
 -7.00 -11.00  41.00
-14.00 -11.00  41.00
-57.00 -11.00  41.00
-65.00 -11.00  41.00
 65.00 -19.00  41.00
 57.00 -19.00  41.00
 50.00 -19.00  41.00
 43.00 -19.00  41.00
 36.00 -19.00  41.00
 14.00 -19.00  41.00
  7.00 -19.00  41.00
 -7.00 -19.00  41.00
-14.00 -19.00  41.00
-36.00 -19.00  41.00
-43.00 -19.00  41.00
-50.00 -19.00  41.00
-57.00 -19.00  41.00
-65.00 -19.00  41.00
 65.00 -26.00  41.00
 57.00 -26.00  41.00
 50.00 -26.00  41.00
 14.00 -26.00  41.00
  7.00 -26.00  41.00
 -7.00 -26.00  41.00
-14.00 -26.00  41.00
-50.00 -26.00  41.00
-57.00 -26.00  41.00
-65.00 -26.00  41.00
 65.00 -33.00  41.00
 57.00 -33.00  41.00
 50.00 -33.00  41.00
 43.00 -33.00  41.00
 36.00 -33.00  41.00
 21.00 -33.00  41.00
 14.00 -33.00  41.00
  7.00 -33.00  41.00
 -7.00 -33.00  41.00
-14.00 -33.00  41.00
-21.00 -33.00  41.00
-36.00 -33.00  41.00
-43.00 -33.00  41.00
-50.00 -33.00  41.00
-57.00 -33.00  41.00
-65.00 -33.00  41.00
 65.00 -40.00  41.00
 57.00 -40.00  41.00
 50.00 -40.00  41.00
 43.00 -40.00  41.00
 36.00 -40.00  41.00
 14.00 -40.00  41.00
  7.00 -40.00  41.00
 -7.00 -40.00  41.00
-14.00 -40.00  41.00
-36.00 -40.00  41.00
-43.00 -40.00  41.00
-50.00 -40.00  41.00
-57.00 -40.00  41.00
-65.00 -40.00  41.00
 65.00 -48.00  41.00
 57.00 -48.00  41.00
 43.00 -48.00  41.00
 36.00 -48.00  41.00
 14.00 -48.00  41.00
  7.00 -48.00  41.00
 -7.00 -48.00  41.00
-14.00 -48.00  41.00
-36.00 -48.00  41.00
-43.00 -48.00  41.00
-57.00 -48.00  41.00
-65.00 -48.00  41.00
 57.00 -55.00  41.00
 50.00 -55.00  41.00
 43.00 -55.00  41.00
 36.00 -55.00  41.00
 28.00 -55.00  41.00
  7.00 -55.00  41.00
 -7.00 -55.00  41.00
-28.00 -55.00  41.00
-36.00 -55.00  41.00
-43.00 -55.00  41.00
-50.00 -55.00  41.00
-57.00 -55.00  41.00
 57.00 -62.00  41.00
 50.00 -62.00  41.00
 43.00 -62.00  41.00
 36.00 -62.00  41.00
 28.00 -62.00  41.00
 14.00 -62.00  41.00
  7.00 -62.00  41.00
 -7.00 -62.00  41.00
-14.00 -62.00  41.00
-28.00 -62.00  41.00
-36.00 -62.00  41.00
-43.00 -62.00  41.00
-50.00 -62.00  41.00
-57.00 -62.00  41.00
 50.00 -69.00  41.00
 43.00 -69.00  41.00
 36.00 -69.00  41.00
 28.00 -69.00  41.00
 21.00 -69.00  41.00
 14.00 -69.00  41.00
  7.00 -69.00  41.00
 -7.00 -69.00  41.00
-14.00 -69.00  41.00
-21.00 -69.00  41.00
-28.00 -69.00  41.00
-36.00 -69.00  41.00
-43.00 -69.00  41.00
-50.00 -69.00  41.00
 43.00 -76.00  41.00
 36.00 -76.00  41.00
 28.00 -76.00  41.00
 21.00 -76.00  41.00
 14.00 -76.00  41.00
  7.00 -76.00  41.00
 -7.00 -76.00  41.00
-14.00 -76.00  41.00
-21.00 -76.00  41.00
-28.00 -76.00  41.00
-36.00 -76.00  41.00
-43.00 -76.00  41.00
 36.00 -84.00  41.00
 28.00 -84.00  41.00
 21.00 -84.00  41.00
 14.00 -84.00  41.00
  7.00 -84.00  41.00
 -7.00 -84.00  41.00
-14.00 -84.00  41.00
-21.00 -84.00  41.00
-28.00 -84.00  41.00
-36.00 -84.00  41.00
 21.00 -91.00  41.00
 14.00 -91.00  41.00
-14.00 -91.00  41.00
-21.00 -91.00  41.00
  7.00  54.00  48.00
 -7.00  54.00  48.00
 21.00  46.00  48.00
 14.00  46.00  48.00
  7.00  46.00  48.00
 -7.00  46.00  48.00
-14.00  46.00  48.00
-21.00  46.00  48.00
 28.00  39.00  48.00
 21.00  39.00  48.00
 14.00  39.00  48.00
  7.00  39.00  48.00
 -7.00  39.00  48.00
-14.00  39.00  48.00
-21.00  39.00  48.00
-28.00  39.00  48.00
 36.00  32.00  48.00
 28.00  32.00  48.00
 21.00  32.00  48.00
  7.00  32.00  48.00
 -7.00  32.00  48.00
-21.00  32.00  48.00
-28.00  32.00  48.00
-36.00  32.00  48.00
 43.00  25.00  48.00
 36.00  25.00  48.00
 28.00  25.00  48.00
 21.00  25.00  48.00
  7.00  25.00  48.00
 -7.00  25.00  48.00
-21.00  25.00  48.00
-28.00  25.00  48.00
-36.00  25.00  48.00
-43.00  25.00  48.00
 43.00  17.00  48.00
 28.00  17.00  48.00
 21.00  17.00  48.00
  7.00  17.00  48.00
 -7.00  17.00  48.00
-21.00  17.00  48.00
-28.00  17.00  48.00
-43.00  17.00  48.00
 50.00  10.00  48.00
 43.00  10.00  48.00
 28.00  10.00  48.00
  7.00  10.00  48.00
 -7.00  10.00  48.00
-28.00  10.00  48.00
-43.00  10.00  48.00
-50.00  10.00  48.00
 50.00   3.00  48.00
 43.00   3.00  48.00
 36.00   3.00  48.00
 28.00   3.00  48.00
 21.00   3.00  48.00
 14.00   3.00  48.00
  7.00   3.00  48.00
 -7.00   3.00  48.00
-14.00   3.00  48.00
-21.00   3.00  48.00
-28.00   3.00  48.00
-36.00   3.00  48.00
-43.00   3.00  48.00
-50.00   3.00  48.00
 57.00  -4.00  48.00
 50.00  -4.00  48.00
 43.00  -4.00  48.00
 36.00  -4.00  48.00
 28.00  -4.00  48.00
 14.00  -4.00  48.00
  7.00  -4.00  48.00
 -7.00  -4.00  48.00
-14.00  -4.00  48.00
-28.00  -4.00  48.00
-36.00  -4.00  48.00
-43.00  -4.00  48.00
-50.00  -4.00  48.00
-57.00  -4.00  48.00
 57.00 -11.00  48.00
 50.00 -11.00  48.00
 43.00 -11.00  48.00
 28.00 -11.00  48.00
 21.00 -11.00  48.00
 14.00 -11.00  48.00
  7.00 -11.00  48.00
 -7.00 -11.00  48.00
-14.00 -11.00  48.00
-21.00 -11.00  48.00
-28.00 -11.00  48.00
-43.00 -11.00  48.00
-50.00 -11.00  48.00
-57.00 -11.00  48.00
 57.00 -19.00  48.00
 50.00 -19.00  48.00
 43.00 -19.00  48.00
 36.00 -19.00  48.00
 14.00 -19.00  48.00
  7.00 -19.00  48.00
 -7.00 -19.00  48.00
-14.00 -19.00  48.00
-36.00 -19.00  48.00
-43.00 -19.00  48.00
-50.00 -19.00  48.00
-57.00 -19.00  48.00
 57.00 -26.00  48.00
 50.00 -26.00  48.00
 43.00 -26.00  48.00
 36.00 -26.00  48.00
  7.00 -26.00  48.00
 -7.00 -26.00  48.00
-36.00 -26.00  48.00
-43.00 -26.00  48.00
-50.00 -26.00  48.00
-57.00 -26.00  48.00
 57.00 -33.00  48.00
 50.00 -33.00  48.00
 43.00 -33.00  48.00
 36.00 -33.00  48.00
 14.00 -33.00  48.00
  7.00 -33.00  48.00
 -7.00 -33.00  48.00
-14.00 -33.00  48.00
-36.00 -33.00  48.00
-43.00 -33.00  48.00
-50.00 -33.00  48.00
-57.00 -33.00  48.00
 57.00 -40.00  48.00
 50.00 -40.00  48.00
 43.00 -40.00  48.00
 36.00 -40.00  48.00
 21.00 -40.00  48.00
 14.00 -40.00  48.00
  7.00 -40.00  48.00
 -7.00 -40.00  48.00
-14.00 -40.00  48.00
-21.00 -40.00  48.00
-36.00 -40.00  48.00
-43.00 -40.00  48.00
-50.00 -40.00  48.00
-57.00 -40.00  48.00
 57.00 -48.00  48.00
 50.00 -48.00  48.00
 43.00 -48.00  48.00
 36.00 -48.00  48.00
 14.00 -48.00  48.00
  7.00 -48.00  48.00
 -7.00 -48.00  48.00
-14.00 -48.00  48.00
-36.00 -48.00  48.00
-43.00 -48.00  48.00
-50.00 -48.00  48.00
-57.00 -48.00  48.00
 57.00 -55.00  48.00
 50.00 -55.00  48.00
 43.00 -55.00  48.00
 36.00 -55.00  48.00
 28.00 -55.00  48.00
 14.00 -55.00  48.00
  7.00 -55.00  48.00
 -7.00 -55.00  48.00
-14.00 -55.00  48.00
-28.00 -55.00  48.00
-36.00 -55.00  48.00
-43.00 -55.00  48.00
-50.00 -55.00  48.00
-57.00 -55.00  48.00
 50.00 -62.00  48.00
 43.00 -62.00  48.00
 36.00 -62.00  48.00
 28.00 -62.00  48.00
 21.00 -62.00  48.00
 14.00 -62.00  48.00
  7.00 -62.00  48.00
 -7.00 -62.00  48.00
-14.00 -62.00  48.00
-21.00 -62.00  48.00
-28.00 -62.00  48.00
-36.00 -62.00  48.00
-43.00 -62.00  48.00
-50.00 -62.00  48.00
 43.00 -69.00  48.00
 36.00 -69.00  48.00
 28.00 -69.00  48.00
 21.00 -69.00  48.00
 14.00 -69.00  48.00
  7.00 -69.00  48.00
 -7.00 -69.00  48.00
-14.00 -69.00  48.00
-21.00 -69.00  48.00
-28.00 -69.00  48.00
-36.00 -69.00  48.00
-43.00 -69.00  48.00
 36.00 -76.00  48.00
 28.00 -76.00  48.00
 21.00 -76.00  48.00
 14.00 -76.00  48.00
  7.00 -76.00  48.00
 -7.00 -76.00  48.00
-14.00 -76.00  48.00
-21.00 -76.00  48.00
-28.00 -76.00  48.00
-36.00 -76.00  48.00
 21.00 -84.00  48.00
 14.00 -84.00  48.00
  7.00 -84.00  48.00
 -7.00 -84.00  48.00
-14.00 -84.00  48.00
-21.00 -84.00  48.00
 21.00  39.00  55.00
 14.00  39.00  55.00
  7.00  39.00  55.00
 -7.00  39.00  55.00
-14.00  39.00  55.00
-21.00  39.00  55.00
 28.00  32.00  55.00
 21.00  32.00  55.00
 14.00  32.00  55.00
  7.00  32.00  55.00
 -7.00  32.00  55.00
-14.00  32.00  55.00
-21.00  32.00  55.00
-28.00  32.00  55.00
 36.00  25.00  55.00
 28.00  25.00  55.00
 21.00  25.00  55.00
 14.00  25.00  55.00
  7.00  25.00  55.00
 -7.00  25.00  55.00
-14.00  25.00  55.00
-21.00  25.00  55.00
-28.00  25.00  55.00
-36.00  25.00  55.00
 43.00  17.00  55.00
 36.00  17.00  55.00
 28.00  17.00  55.00
 21.00  17.00  55.00
 14.00  17.00  55.00
  7.00  17.00  55.00
 -7.00  17.00  55.00
-14.00  17.00  55.00
-21.00  17.00  55.00
-28.00  17.00  55.00
-36.00  17.00  55.00
-43.00  17.00  55.00
 43.00  10.00  55.00
 36.00  10.00  55.00
 28.00  10.00  55.00
 14.00  10.00  55.00
  7.00  10.00  55.00
 -7.00  10.00  55.00
-14.00  10.00  55.00
-28.00  10.00  55.00
-36.00  10.00  55.00
-43.00  10.00  55.00
 50.00   3.00  55.00
 43.00   3.00  55.00
 36.00   3.00  55.00
 28.00   3.00  55.00
 21.00   3.00  55.00
  7.00   3.00  55.00
 -7.00   3.00  55.00
-21.00   3.00  55.00
-28.00   3.00  55.00
-36.00   3.00  55.00
-43.00   3.00  55.00
-50.00   3.00  55.00
 50.00  -4.00  55.00
 43.00  -4.00  55.00
 36.00  -4.00  55.00
 28.00  -4.00  55.00
 21.00  -4.00  55.00
 14.00  -4.00  55.00
  7.00  -4.00  55.00
 -7.00  -4.00  55.00
-14.00  -4.00  55.00
-21.00  -4.00  55.00
-28.00  -4.00  55.00
-36.00  -4.00  55.00
-43.00  -4.00  55.00
-50.00  -4.00  55.00
 50.00 -11.00  55.00
 43.00 -11.00  55.00
 36.00 -11.00  55.00
 28.00 -11.00  55.00
 21.00 -11.00  55.00
 14.00 -11.00  55.00
  7.00 -11.00  55.00
 -7.00 -11.00  55.00
-14.00 -11.00  55.00
-21.00 -11.00  55.00
-28.00 -11.00  55.00
-36.00 -11.00  55.00
-43.00 -11.00  55.00
-50.00 -11.00  55.00
 57.00 -19.00  55.00
 50.00 -19.00  55.00
 43.00 -19.00  55.00
 36.00 -19.00  55.00
  7.00 -19.00  55.00
 -7.00 -19.00  55.00
-36.00 -19.00  55.00
-43.00 -19.00  55.00
-50.00 -19.00  55.00
-57.00 -19.00  55.00
 57.00 -26.00  55.00
 50.00 -26.00  55.00
 43.00 -26.00  55.00
 36.00 -26.00  55.00
 28.00 -26.00  55.00
 21.00 -26.00  55.00
  7.00 -26.00  55.00
 -7.00 -26.00  55.00
-21.00 -26.00  55.00
-28.00 -26.00  55.00
-36.00 -26.00  55.00
-43.00 -26.00  55.00
-50.00 -26.00  55.00
-57.00 -26.00  55.00
 57.00 -33.00  55.00
 50.00 -33.00  55.00
 43.00 -33.00  55.00
 36.00 -33.00  55.00
 28.00 -33.00  55.00
 21.00 -33.00  55.00
  7.00 -33.00  55.00
 -7.00 -33.00  55.00
-21.00 -33.00  55.00
-28.00 -33.00  55.00
-36.00 -33.00  55.00
-43.00 -33.00  55.00
-50.00 -33.00  55.00
-57.00 -33.00  55.00
 50.00 -40.00  55.00
 43.00 -40.00  55.00
 36.00 -40.00  55.00
 28.00 -40.00  55.00
 14.00 -40.00  55.00
  7.00 -40.00  55.00
 -7.00 -40.00  55.00
-14.00 -40.00  55.00
-28.00 -40.00  55.00
-36.00 -40.00  55.00
-43.00 -40.00  55.00
-50.00 -40.00  55.00
 50.00 -48.00  55.00
 43.00 -48.00  55.00
 36.00 -48.00  55.00
 28.00 -48.00  55.00
 14.00 -48.00  55.00
  7.00 -48.00  55.00
 -7.00 -48.00  55.00
-14.00 -48.00  55.00
-28.00 -48.00  55.00
-36.00 -48.00  55.00
-43.00 -48.00  55.00
-50.00 -48.00  55.00
 50.00 -55.00  55.00
 43.00 -55.00  55.00
 36.00 -55.00  55.00
 28.00 -55.00  55.00
 21.00 -55.00  55.00
 14.00 -55.00  55.00
  7.00 -55.00  55.00
 -7.00 -55.00  55.00
-14.00 -55.00  55.00
-21.00 -55.00  55.00
-28.00 -55.00  55.00
-36.00 -55.00  55.00
-43.00 -55.00  55.00
-50.00 -55.00  55.00
 43.00 -62.00  55.00
 36.00 -62.00  55.00
 28.00 -62.00  55.00
 21.00 -62.00  55.00
 14.00 -62.00  55.00
  7.00 -62.00  55.00
 -7.00 -62.00  55.00
-14.00 -62.00  55.00
-21.00 -62.00  55.00
-28.00 -62.00  55.00
-36.00 -62.00  55.00
-43.00 -62.00  55.00
 36.00 -69.00  55.00
 28.00 -69.00  55.00
 21.00 -69.00  55.00
 14.00 -69.00  55.00
  7.00 -69.00  55.00
 -7.00 -69.00  55.00
-14.00 -69.00  55.00
-21.00 -69.00  55.00
-28.00 -69.00  55.00
-36.00 -69.00  55.00
 21.00 -76.00  55.00
 14.00 -76.00  55.00
  7.00 -76.00  55.00
 -7.00 -76.00  55.00
-14.00 -76.00  55.00
-21.00 -76.00  55.00
 14.00  32.00  63.00
  7.00  32.00  63.00
 -7.00  32.00  63.00
-14.00  32.00  63.00
 21.00  25.00  63.00
 14.00  25.00  63.00
  7.00  25.00  63.00
 -7.00  25.00  63.00
-14.00  25.00  63.00
-21.00  25.00  63.00
 28.00  17.00  63.00
 21.00  17.00  63.00
 14.00  17.00  63.00
  7.00  17.00  63.00
 -7.00  17.00  63.00
-14.00  17.00  63.00
-21.00  17.00  63.00
-28.00  17.00  63.00
 36.00  10.00  63.00
 28.00  10.00  63.00
 21.00  10.00  63.00
 14.00  10.00  63.00
  7.00  10.00  63.00
 -7.00  10.00  63.00
-14.00  10.00  63.00
-21.00  10.00  63.00
-28.00  10.00  63.00
-36.00  10.00  63.00
 43.00   3.00  63.00
 36.00   3.00  63.00
 28.00   3.00  63.00
 21.00   3.00  63.00
 14.00   3.00  63.00
  7.00   3.00  63.00
 -7.00   3.00  63.00
-14.00   3.00  63.00
-21.00   3.00  63.00
-28.00   3.00  63.00
-36.00   3.00  63.00
-43.00   3.00  63.00
 43.00  -4.00  63.00
 36.00  -4.00  63.00
 28.00  -4.00  63.00
 21.00  -4.00  63.00
 14.00  -4.00  63.00
  7.00  -4.00  63.00
 -7.00  -4.00  63.00
-14.00  -4.00  63.00
-21.00  -4.00  63.00
-28.00  -4.00  63.00
-36.00  -4.00  63.00
-43.00  -4.00  63.00
 43.00 -11.00  63.00
 36.00 -11.00  63.00
 28.00 -11.00  63.00
 21.00 -11.00  63.00
 14.00 -11.00  63.00
  7.00 -11.00  63.00
 -7.00 -11.00  63.00
-14.00 -11.00  63.00
-21.00 -11.00  63.00
-28.00 -11.00  63.00
-36.00 -11.00  63.00
-43.00 -11.00  63.00
 43.00 -19.00  63.00
 36.00 -19.00  63.00
 21.00 -19.00  63.00
  7.00 -19.00  63.00
 -7.00 -19.00  63.00
-21.00 -19.00  63.00
-36.00 -19.00  63.00
-43.00 -19.00  63.00
 50.00 -26.00  63.00
 43.00 -26.00  63.00
 36.00 -26.00  63.00
 28.00 -26.00  63.00
 21.00 -26.00  63.00
  7.00 -26.00  63.00
 -7.00 -26.00  63.00
-21.00 -26.00  63.00
-28.00 -26.00  63.00
-36.00 -26.00  63.00
-43.00 -26.00  63.00
-50.00 -26.00  63.00
 50.00 -33.00  63.00
 43.00 -33.00  63.00
 36.00 -33.00  63.00
 28.00 -33.00  63.00
 21.00 -33.00  63.00
 14.00 -33.00  63.00
  7.00 -33.00  63.00
 -7.00 -33.00  63.00
-14.00 -33.00  63.00
-21.00 -33.00  63.00
-28.00 -33.00  63.00
-36.00 -33.00  63.00
-43.00 -33.00  63.00
-50.00 -33.00  63.00
 43.00 -40.00  63.00
 36.00 -40.00  63.00
 28.00 -40.00  63.00
 21.00 -40.00  63.00
 14.00 -40.00  63.00
  7.00 -40.00  63.00
 -7.00 -40.00  63.00
-14.00 -40.00  63.00
-21.00 -40.00  63.00
-28.00 -40.00  63.00
-36.00 -40.00  63.00
-43.00 -40.00  63.00
 43.00 -48.00  63.00
 36.00 -48.00  63.00
 28.00 -48.00  63.00
 21.00 -48.00  63.00
 14.00 -48.00  63.00
  7.00 -48.00  63.00
 -7.00 -48.00  63.00
-14.00 -48.00  63.00
-21.00 -48.00  63.00
-28.00 -48.00  63.00
-36.00 -48.00  63.00
-43.00 -48.00  63.00
 36.00 -55.00  63.00
 28.00 -55.00  63.00
 21.00 -55.00  63.00
 14.00 -55.00  63.00
  7.00 -55.00  63.00
 -7.00 -55.00  63.00
-14.00 -55.00  63.00
-21.00 -55.00  63.00
-28.00 -55.00  63.00
-36.00 -55.00  63.00
 36.00 -62.00  63.00
 28.00 -62.00  63.00
 21.00 -62.00  63.00
 14.00 -62.00  63.00
  7.00 -62.00  63.00
 -7.00 -62.00  63.00
-14.00 -62.00  63.00
-21.00 -62.00  63.00
-28.00 -62.00  63.00
-36.00 -62.00  63.00
 28.00 -69.00  63.00
 21.00 -69.00  63.00
 14.00 -69.00  63.00
  7.00 -69.00  63.00
 -7.00 -69.00  63.00
-14.00 -69.00  63.00
-21.00 -69.00  63.00
-28.00 -69.00  63.00
 14.00  17.00  70.00
-14.00  17.00  70.00
 21.00  10.00  70.00
 14.00  10.00  70.00
  7.00  10.00  70.00
 -7.00  10.00  70.00
-14.00  10.00  70.00
-21.00  10.00  70.00
 28.00   3.00  70.00
 21.00   3.00  70.00
 14.00   3.00  70.00
  7.00   3.00  70.00
 -7.00   3.00  70.00
-14.00   3.00  70.00
-21.00   3.00  70.00
-28.00   3.00  70.00
 28.00  -4.00  70.00
 21.00  -4.00  70.00
 14.00  -4.00  70.00
  7.00  -4.00  70.00
 -7.00  -4.00  70.00
-14.00  -4.00  70.00
-21.00  -4.00  70.00
-28.00  -4.00  70.00
 28.00 -11.00  70.00
 21.00 -11.00  70.00
 14.00 -11.00  70.00
  7.00 -11.00  70.00
 -7.00 -11.00  70.00
-14.00 -11.00  70.00
-21.00 -11.00  70.00
-28.00 -11.00  70.00
 36.00 -19.00  70.00
 28.00 -19.00  70.00
 21.00 -19.00  70.00
 14.00 -19.00  70.00
  7.00 -19.00  70.00
 -7.00 -19.00  70.00
-14.00 -19.00  70.00
-21.00 -19.00  70.00
-28.00 -19.00  70.00
-36.00 -19.00  70.00
 36.00 -26.00  70.00
 28.00 -26.00  70.00
 21.00 -26.00  70.00
 14.00 -26.00  70.00
  7.00 -26.00  70.00
 -7.00 -26.00  70.00
-14.00 -26.00  70.00
-21.00 -26.00  70.00
-28.00 -26.00  70.00
-36.00 -26.00  70.00
 36.00 -33.00  70.00
 28.00 -33.00  70.00
 21.00 -33.00  70.00
 14.00 -33.00  70.00
  7.00 -33.00  70.00
 -7.00 -33.00  70.00
-14.00 -33.00  70.00
-21.00 -33.00  70.00
-28.00 -33.00  70.00
-36.00 -33.00  70.00
 36.00 -40.00  70.00
 28.00 -40.00  70.00
 21.00 -40.00  70.00
 14.00 -40.00  70.00
  7.00 -40.00  70.00
 -7.00 -40.00  70.00
-14.00 -40.00  70.00
-21.00 -40.00  70.00
-28.00 -40.00  70.00
-36.00 -40.00  70.00
 36.00 -48.00  70.00
 28.00 -48.00  70.00
 21.00 -48.00  70.00
 14.00 -48.00  70.00
  7.00 -48.00  70.00
 -7.00 -48.00  70.00
-14.00 -48.00  70.00
-21.00 -48.00  70.00
-28.00 -48.00  70.00
-36.00 -48.00  70.00
 28.00 -55.00  70.00
 21.00 -55.00  70.00
 14.00 -55.00  70.00
  7.00 -55.00  70.00
 -7.00 -55.00  70.00
-14.00 -55.00  70.00
-21.00 -55.00  70.00
-28.00 -55.00  70.00
 21.00 -62.00  70.00
 14.00 -62.00  70.00
-14.00 -62.00  70.00
-21.00 -62.00  70.00
 14.00  -4.00  77.00
  7.00  -4.00  77.00
 -7.00  -4.00  77.00
-14.00  -4.00  77.00
 14.00 -11.00  77.00
  7.00 -11.00  77.00
 -7.00 -11.00  77.00
-14.00 -11.00  77.00
 28.00 -19.00  77.00
 21.00 -19.00  77.00
 14.00 -19.00  77.00
  7.00 -19.00  77.00
 -7.00 -19.00  77.00
-14.00 -19.00  77.00
-21.00 -19.00  77.00
-28.00 -19.00  77.00
 21.00 -26.00  77.00
 14.00 -26.00  77.00
  7.00 -26.00  77.00
 -7.00 -26.00  77.00
-14.00 -26.00  77.00
-21.00 -26.00  77.00
 28.00 -33.00  77.00
 21.00 -33.00  77.00
 14.00 -33.00  77.00
  7.00 -33.00  77.00
 -7.00 -33.00  77.00
-14.00 -33.00  77.00
-21.00 -33.00  77.00
-28.00 -33.00  77.00
 21.00 -40.00  77.00
 14.00 -40.00  77.00
  7.00 -40.00  77.00
 -7.00 -40.00  77.00
-14.00 -40.00  77.00
-21.00 -40.00  77.00
 21.00 -48.00  77.00
 14.00 -48.00  77.00
  7.00 -48.00  77.00
 -7.00 -48.00  77.00
-14.00 -48.00  77.00
-21.00 -48.00  77.00
 14.00 -55.00  77.00
-14.00 -55.00  77.00
